0 [-1.00000000e-01]
1 [-1.01000000e-01]
2 [-1.01818429e-01]
3 [-1.02451100e-01]
4 [-1.02969362e-01]
5 [-1.03407426e-01]
6 [-1.03784990e-01]
7 [-1.04114725e-01]
8 [-1.04405412e-01]
9 [-1.04663470e-01]
10 [-1.04893782e-01]
11 [-1.05100186e-01]
12 [-1.05285772e-01]
13 [-1.05453076e-01]
14 [-1.05604219e-01]
15 [-1.05740996e-01]
16 [-1.05864947e-01]
17 [-1.05977402e-01]
18 [-1.06079522e-01]
19 [-1.06172327e-01]
20 [-1.06256716e-01]
21 [-1.06333491e-01]
22 [-1.06403365e-01]
23 [-1.06466976e-01]
24 [-1.06524899e-01]
25 [-1.06577649e-01]
26 [-1.06625694e-01]
27 [-1.06669454e-01]
28 [-1.06709313e-01]
29 [-1.06745616e-01]
30 [-1.06778678e-01]
31 [-1.06808786e-01]
32 [-1.06836200e-01]
33 [-1.06861157e-01]
34 [-1.06883874e-01]
35 [-1.06904547e-01]
36 [-1.06923356e-01]
37 [-1.06940466e-01]
38 [-1.06956025e-01]
39 [-1.06970171e-01]
40 [-1.06983027e-01]
41 [-1.06994708e-01]
42 [-1.07005317e-01]
43 [-1.07014949e-01]
44 [-1.07023690e-01]
45 [-1.07031620e-01]
46 [-1.07038810e-01]
47 [-1.07045327e-01]
48 [-1.07051229e-01]
49 [-1.07056572e-01]
50 [-1.07061405e-01]
51 [-1.07065775e-01]
52 [-1.07069722e-01]
53 [-1.07073284e-01]
54 [-1.07076496e-01]
55 [-1.07079389e-01]
56 [-1.07081992e-01]
57 [-1.07084331e-01]
58 [-1.07086429e-01]
59 [-1.07088308e-01]
60 [-1.07089988e-01]
61 [-1.07091487e-01]
62 [-1.07092821e-01]
63 [-1.07094004e-01]
64 [-1.07095052e-01]
65 [-1.07095974e-01]
66 [-1.07096784e-01]
67 [-1.07097490e-01]
68 [-1.07098103e-01]
69 [-1.07098631e-01]
70 [-1.07099080e-01]
71 [-1.07099459e-01]
72 [-1.07099773e-01]
73 [-1.07100029e-01]
74 [-1.07100231e-01]
75 [-1.07100384e-01]
76 [-1.07100492e-01]
77 [-1.07100560e-01]
78 [-1.07100591e-01]
79 [-1.07100588e-01]
80 [-1.07100553e-01]
81 [-1.07100491e-01]
82 [-1.07100402e-01]
83 [-1.07100289e-01]
84 [-1.07100155e-01]
85 [-1.07100001e-01]
86 [-1.07099828e-01]
87 [-1.07099639e-01]
88 [-1.07099434e-01]
89 [-1.07099214e-01]
90 [-1.07098982e-01]
91 [-1.07098737e-01]
92 [-1.07098481e-01]
93 [-1.07098214e-01]
94 [-1.07097938e-01]
95 [-1.07097652e-01]
96 [-1.07097358e-01]
97 [-1.07097056e-01]
98 [-1.07096747e-01]
99 [-1.07096431e-01]
100 [-1.07096109e-01]
101 [-1.07095781e-01]
102 [-1.07095446e-01]
103 [-1.07095107e-01]
104 [-1.07094762e-01]
105 [-1.07094413e-01]
106 [-1.07094059e-01]
107 [-1.07093700e-01]
108 [-1.07093338e-01]
109 [-1.07092972e-01]
110 [-1.07092601e-01]
111 [-1.07092228e-01]
112 [-1.07091850e-01]
113 [-1.07091470e-01]
114 [-1.07091086e-01]
115 [-1.07090699e-01]
116 [-1.07090309e-01]
117 [-1.07089916e-01]
118 [-1.07089521e-01]
119 [-1.07089122e-01]
120 [-1.07088721e-01]
121 [-1.07088318e-01]
122 [-1.07087912e-01]
123 [-1.07087504e-01]
124 [-1.07087093e-01]
125 [-1.07086680e-01]
126 [-1.07086265e-01]
127 [-1.07085847e-01]
128 [-1.07085428e-01]
129 [-1.07085006e-01]
130 [-1.07084582e-01]
131 [-1.07084156e-01]
132 [-1.07083729e-01]
133 [-1.07083299e-01]
134 [-1.07082867e-01]
135 [-1.07082434e-01]
136 [-1.07081999e-01]
137 [-1.07081562e-01]
138 [-1.07081123e-01]
139 [-1.07080682e-01]
140 [-1.07080240e-01]
141 [-1.07079796e-01]
142 [-1.07079350e-01]
143 [-1.07078903e-01]
144 [-1.07078454e-01]
145 [-1.07078004e-01]
146 [-1.07077552e-01]
147 [-1.07077098e-01]
148 [-1.07076643e-01]
149 [-1.07076187e-01]
150 [-1.07075729e-01]
151 [-1.07075270e-01]
152 [-1.07074809e-01]
153 [-1.07074347e-01]
154 [-1.07073883e-01]
155 [-1.07073418e-01]
156 [-1.07072952e-01]
157 [-1.07072484e-01]
158 [-1.07072016e-01]
159 [-1.07071546e-01]
160 [-1.07071074e-01]
161 [-1.07070602e-01]
162 [-1.07070128e-01]
163 [-1.07069653e-01]
164 [-1.07069177e-01]
165 [-1.07068700e-01]
166 [-1.07068222e-01]
167 [-1.07067742e-01]
168 [-1.07067262e-01]
169 [-1.07066780e-01]
170 [-1.07066298e-01]
171 [-1.07065814e-01]
172 [-1.07065330e-01]
173 [-1.07064844e-01]
174 [-1.07064358e-01]
175 [-1.07063870e-01]
176 [-1.07063382e-01]
177 [-1.07062893e-01]
178 [-1.07062403e-01]
179 [-1.07061912e-01]
180 [-1.07061420e-01]
181 [-1.07060927e-01]
182 [-1.07060434e-01]
183 [-1.07059940e-01]
184 [-1.07059445e-01]
185 [-1.07058949e-01]
186 [-1.07058453e-01]
187 [-1.07057956e-01]
188 [-1.07057458e-01]
189 [-1.07056960e-01]
190 [-1.07056461e-01]
191 [-1.07055961e-01]
192 [-1.07055461e-01]
193 [-1.07054960e-01]
194 [-1.07054458e-01]
195 [-1.07053956e-01]
196 [-1.07053454e-01]
197 [-1.07052951e-01]
198 [-1.07052447e-01]
199 [-1.07051943e-01]
200 [-1.07051439e-01]
201 [-1.07050934e-01]
202 [-1.07050428e-01]
203 [-1.07049922e-01]
204 [-1.07049416e-01]
205 [-1.07048910e-01]
206 [-1.07048403e-01]
207 [-1.07047895e-01]
208 [-1.07047388e-01]
209 [-1.07046880e-01]
210 [-1.07046371e-01]
211 [-1.07045863e-01]
212 [-1.07045354e-01]
213 [-1.07044845e-01]
214 [-1.07044335e-01]
215 [-1.07043826e-01]
216 [-1.07043316e-01]
217 [-1.07042806e-01]
218 [-1.07042295e-01]
219 [-1.07041785e-01]
220 [-1.07041275e-01]
221 [-1.07040764e-01]
222 [-1.07040253e-01]
223 [-1.07039742e-01]
224 [-1.07039231e-01]
225 [-1.07038720e-01]
226 [-1.07038209e-01]
227 [-1.07037697e-01]
228 [-1.07037186e-01]
229 [-1.07036675e-01]
230 [-1.07036163e-01]
231 [-1.07035652e-01]
232 [-1.07035140e-01]
233 [-1.07034629e-01]
234 [-1.07034118e-01]
235 [-1.07033606e-01]
236 [-1.07033095e-01]
237 [-1.07032584e-01]
238 [-1.07032073e-01]
239 [-1.07031562e-01]
240 [-1.07031051e-01]
241 [-1.07030540e-01]
242 [-1.07030029e-01]
243 [-1.07029519e-01]
244 [-1.07029008e-01]
245 [-1.07028498e-01]
246 [-1.07027988e-01]
247 [-1.07027478e-01]
248 [-1.07026968e-01]
249 [-1.07026459e-01]
250 [-1.07025949e-01]
251 [-1.07025440e-01]
252 [-1.07024931e-01]
253 [-1.07024422e-01]
254 [-1.07023914e-01]
255 [-1.07023406e-01]
256 [-1.07022898e-01]
257 [-1.07022390e-01]
258 [-1.07021883e-01]
259 [-1.07021376e-01]
260 [-1.07020869e-01]
261 [-1.07020362e-01]
262 [-1.07019856e-01]
263 [-1.07019350e-01]
264 [-1.07018845e-01]
265 [-1.07018340e-01]
266 [-1.07017835e-01]
267 [-1.07017330e-01]
268 [-1.07016826e-01]
269 [-1.07016322e-01]
270 [-1.07015819e-01]
271 [-1.07015316e-01]
272 [-1.07014814e-01]
273 [-1.07014311e-01]
274 [-1.07013810e-01]
275 [-1.07013308e-01]
276 [-1.07012807e-01]
277 [-1.07012307e-01]
278 [-1.07011807e-01]
279 [-1.07011307e-01]
280 [-1.07010808e-01]
281 [-1.07010309e-01]
282 [-1.07009811e-01]
283 [-1.07009313e-01]
284 [-1.07008816e-01]
285 [-1.07008319e-01]
286 [-1.07007823e-01]
287 [-1.07007327e-01]
288 [-1.07006831e-01]
289 [-1.07006336e-01]
290 [-1.07005842e-01]
291 [-1.07005348e-01]
292 [-1.07004855e-01]
293 [-1.07004362e-01]
294 [-1.07003870e-01]
295 [-1.07003378e-01]
296 [-1.07002887e-01]
297 [-1.07002396e-01]
298 [-1.07001906e-01]
299 [-1.07001416e-01]
300 [-1.07000927e-01]
301 [-1.07000439e-01]
302 [-1.06999951e-01]
303 [-1.06999464e-01]
304 [-1.06998977e-01]
305 [-1.06998491e-01]
306 [-1.06998005e-01]
307 [-1.06997520e-01]
308 [-1.06997036e-01]
309 [-1.06996552e-01]
310 [-1.06996069e-01]
311 [-1.06995586e-01]
312 [-1.06995104e-01]
313 [-1.06994622e-01]
314 [-1.06994141e-01]
315 [-1.06993661e-01]
316 [-1.06993182e-01]
317 [-1.06992703e-01]
318 [-1.06992224e-01]
319 [-1.06991746e-01]
320 [-1.06991269e-01]
321 [-1.06990793e-01]
322 [-1.06990317e-01]
323 [-1.06989841e-01]
324 [-1.06989367e-01]
325 [-1.06988893e-01]
326 [-1.06988419e-01]
327 [-1.06987947e-01]
328 [-1.06987475e-01]
329 [-1.06987003e-01]
330 [-1.06986532e-01]
331 [-1.06986062e-01]
332 [-1.06985593e-01]
333 [-1.06985124e-01]
334 [-1.06984656e-01]
335 [-1.06984188e-01]
336 [-1.06983721e-01]
337 [-1.06983255e-01]
338 [-1.06982790e-01]
339 [-1.06982325e-01]
340 [-1.06981860e-01]
341 [-1.06981397e-01]
342 [-1.06980934e-01]
343 [-1.06980472e-01]
344 [-1.06980010e-01]
345 [-1.06979549e-01]
346 [-1.06979089e-01]
347 [-1.06978629e-01]
348 [-1.06978170e-01]
349 [-1.06977712e-01]
350 [-1.06977255e-01]
351 [-1.06976798e-01]
352 [-1.06976342e-01]
353 [-1.06975886e-01]
354 [-1.06975431e-01]
355 [-1.06974977e-01]
356 [-1.06974524e-01]
357 [-1.06974071e-01]
358 [-1.06973619e-01]
359 [-1.06973167e-01]
360 [-1.06972716e-01]
361 [-1.06972266e-01]
362 [-1.06971817e-01]
363 [-1.06971368e-01]
364 [-1.06970920e-01]
365 [-1.06970473e-01]
366 [-1.06970026e-01]
367 [-1.06969580e-01]
368 [-1.06969135e-01]
369 [-1.06968690e-01]
370 [-1.06968246e-01]
371 [-1.06967803e-01]
372 [-1.06967360e-01]
373 [-1.06966919e-01]
374 [-1.06966477e-01]
375 [-1.06966037e-01]
376 [-1.06965597e-01]
377 [-1.06965158e-01]
378 [-1.06964719e-01]
379 [-1.06964282e-01]
380 [-1.06963844e-01]
381 [-1.06963408e-01]
382 [-1.06962972e-01]
383 [-1.06962537e-01]
384 [-1.06962103e-01]
385 [-1.06961669e-01]
386 [-1.06961236e-01]
387 [-1.06960804e-01]
388 [-1.06960372e-01]
389 [-1.06959941e-01]
390 [-1.06959511e-01]
391 [-1.06959081e-01]
392 [-1.06958652e-01]
393 [-1.06958224e-01]
394 [-1.06957797e-01]
395 [-1.06957370e-01]
396 [-1.06956944e-01]
397 [-1.06956518e-01]
398 [-1.06956093e-01]
399 [-1.06955669e-01]
400 [-1.06955246e-01]
401 [-1.06954823e-01]
402 [-1.06954401e-01]
403 [-1.06953979e-01]
404 [-1.06953558e-01]
405 [-1.06953138e-01]
406 [-1.06952719e-01]
407 [-1.06952300e-01]
408 [-1.06951882e-01]
409 [-1.06951465e-01]
410 [-1.06951048e-01]
411 [-1.06950632e-01]
412 [-1.06950217e-01]
413 [-1.06949802e-01]
414 [-1.06949388e-01]
415 [-1.06948974e-01]
416 [-1.06948562e-01]
417 [-1.06948150e-01]
418 [-1.06947738e-01]
419 [-1.06947328e-01]
420 [-1.06946918e-01]
421 [-1.06946508e-01]
422 [-1.06946100e-01]
423 [-1.06945692e-01]
424 [-1.06945284e-01]
425 [-1.06944878e-01]
426 [-1.06944472e-01]
427 [-1.06944066e-01]
428 [-1.06943662e-01]
429 [-1.06943258e-01]
430 [-1.06942854e-01]
431 [-1.06942451e-01]
432 [-1.06942049e-01]
433 [-1.06941648e-01]
434 [-1.06941247e-01]
435 [-1.06940847e-01]
436 [-1.06940448e-01]
437 [-1.06940049e-01]
438 [-1.06939651e-01]
439 [-1.06939254e-01]
440 [-1.06938857e-01]
441 [-1.06938461e-01]
442 [-1.06938065e-01]
443 [-1.06937670e-01]
444 [-1.06937276e-01]
445 [-1.06936883e-01]
446 [-1.06936490e-01]
447 [-1.06936098e-01]
448 [-1.06935706e-01]
449 [-1.06935315e-01]
450 [-1.06934925e-01]
451 [-1.06934535e-01]
452 [-1.06934146e-01]
453 [-1.06933758e-01]
454 [-1.06933370e-01]
455 [-1.06932983e-01]
456 [-1.06932597e-01]
457 [-1.06932211e-01]
458 [-1.06931826e-01]
459 [-1.06931442e-01]
460 [-1.06931058e-01]
461 [-1.06930675e-01]
462 [-1.06930293e-01]
463 [-1.06929911e-01]
464 [-1.06929530e-01]
465 [-1.06929149e-01]
466 [-1.06928769e-01]
467 [-1.06928390e-01]
468 [-1.06928011e-01]
469 [-1.06927633e-01]
470 [-1.06927256e-01]
471 [-1.06926879e-01]
472 [-1.06926503e-01]
473 [-1.06926128e-01]
474 [-1.06925753e-01]
475 [-1.06925379e-01]
476 [-1.06925005e-01]
477 [-1.06924632e-01]
478 [-1.06924260e-01]
479 [-1.06923889e-01]
480 [-1.06923518e-01]
481 [-1.06923147e-01]
482 [-1.06922778e-01]
483 [-1.06922409e-01]
484 [-1.06922040e-01]
485 [-1.06921672e-01]
486 [-1.06921305e-01]
487 [-1.06920939e-01]
488 [-1.06920573e-01]
489 [-1.06920208e-01]
490 [-1.06919843e-01]
491 [-1.06919479e-01]
492 [-1.06919116e-01]
493 [-1.06918753e-01]
494 [-1.06918391e-01]
495 [-1.06918029e-01]
496 [-1.06917668e-01]
497 [-1.06917308e-01]
498 [-1.06916949e-01]
499 [-1.06916590e-01]
500 [-1.06916231e-01]
501 [-1.06915874e-01]
502 [-1.06915517e-01]
503 [-1.06915160e-01]
504 [-1.06914804e-01]
505 [-1.06914449e-01]
506 [-1.06914095e-01]
507 [-1.06913741e-01]
508 [-1.06913387e-01]
509 [-1.06913035e-01]
510 [-1.06912683e-01]
511 [-1.06912331e-01]
512 [-1.06911980e-01]
513 [-1.06911630e-01]
514 [-1.06911281e-01]
515 [-1.06910932e-01]
516 [-1.06910583e-01]
517 [-1.06910236e-01]
518 [-1.06909889e-01]
519 [-1.06909542e-01]
520 [-1.06909196e-01]
521 [-1.06908851e-01]
522 [-1.06908507e-01]
523 [-1.06908163e-01]
524 [-1.06907819e-01]
525 [-1.06907477e-01]
526 [-1.06907135e-01]
527 [-1.06906793e-01]
528 [-1.06906452e-01]
529 [-1.06906112e-01]
530 [-1.06905772e-01]
531 [-1.06905433e-01]
532 [-1.06905095e-01]
533 [-1.06904757e-01]
534 [-1.06904420e-01]
535 [-1.06904084e-01]
536 [-1.06903748e-01]
537 [-1.06903413e-01]
538 [-1.06903078e-01]
539 [-1.06902744e-01]
540 [-1.06902411e-01]
541 [-1.06902078e-01]
542 [-1.06901746e-01]
543 [-1.06901414e-01]
544 [-1.06901083e-01]
545 [-1.06900753e-01]
546 [-1.06900423e-01]
547 [-1.06900094e-01]
548 [-1.06899766e-01]
549 [-1.06899438e-01]
550 [-1.06899111e-01]
551 [-1.06898784e-01]
552 [-1.06898458e-01]
553 [-1.06898133e-01]
554 [-1.06897808e-01]
555 [-1.06897484e-01]
556 [-1.06897160e-01]
557 [-1.06896838e-01]
558 [-1.06896515e-01]
559 [-1.06896194e-01]
560 [-1.06895873e-01]
561 [-1.06895552e-01]
562 [-1.06895233e-01]
563 [-1.06894913e-01]
564 [-1.06894595e-01]
565 [-1.06894277e-01]
566 [-1.06893960e-01]
567 [-1.06893643e-01]
568 [-1.06893327e-01]
569 [-1.06893012e-01]
570 [-1.06892697e-01]
571 [-1.06892383e-01]
572 [-1.06892069e-01]
573 [-1.06891756e-01]
574 [-1.06891444e-01]
575 [-1.06891132e-01]
576 [-1.06890821e-01]
577 [-1.06890510e-01]
578 [-1.06890201e-01]
579 [-1.06889891e-01]
580 [-1.06889583e-01]
581 [-1.06889275e-01]
582 [-1.06888967e-01]
583 [-1.06888661e-01]
584 [-1.06888355e-01]
585 [-1.06888049e-01]
586 [-1.06887744e-01]
587 [-1.06887440e-01]
588 [-1.06887136e-01]
589 [-1.06886833e-01]
590 [-1.06886531e-01]
591 [-1.06886229e-01]
592 [-1.06885928e-01]
593 [-1.06885628e-01]
594 [-1.06885328e-01]
595 [-1.06885028e-01]
596 [-1.06884730e-01]
597 [-1.06884432e-01]
598 [-1.06884134e-01]
599 [-1.06883838e-01]
600 [-1.06883541e-01]
601 [-1.06883246e-01]
602 [-1.06882951e-01]
603 [-1.06882657e-01]
604 [-1.06882363e-01]
605 [-1.06882070e-01]
606 [-1.06881778e-01]
607 [-1.06881486e-01]
608 [-1.06881195e-01]
609 [-1.06880904e-01]
610 [-1.06880614e-01]
611 [-1.06880325e-01]
612 [-1.06880037e-01]
613 [-1.06879749e-01]
614 [-1.06879461e-01]
615 [-1.06879174e-01]
616 [-1.06878888e-01]
617 [-1.06878603e-01]
618 [-1.06878318e-01]
619 [-1.06878034e-01]
620 [-1.06877750e-01]
621 [-1.06877467e-01]
622 [-1.06877185e-01]
623 [-1.06876903e-01]
624 [-1.06876622e-01]
625 [-1.06876342e-01]
626 [-1.06876062e-01]
627 [-1.06875783e-01]
628 [-1.06875504e-01]
629 [-1.06875226e-01]
630 [-1.06874949e-01]
631 [-1.06874672e-01]
632 [-1.06874396e-01]
633 [-1.06874121e-01]
634 [-1.06873846e-01]
635 [-1.06873572e-01]
636 [-1.06873299e-01]
637 [-1.06873026e-01]
638 [-1.06872754e-01]
639 [-1.06872482e-01]
640 [-1.06872211e-01]
641 [-1.06871941e-01]
642 [-1.06871671e-01]
643 [-1.06871402e-01]
644 [-1.06871134e-01]
645 [-1.06870866e-01]
646 [-1.06870599e-01]
647 [-1.06870333e-01]
648 [-1.06870067e-01]
649 [-1.06869802e-01]
650 [-1.06869537e-01]
651 [-1.06869273e-01]
652 [-1.06869010e-01]
653 [-1.06868748e-01]
654 [-1.06868486e-01]
655 [-1.06868224e-01]
656 [-1.06867964e-01]
657 [-1.06867704e-01]
658 [-1.06867444e-01]
659 [-1.06867186e-01]
660 [-1.06866928e-01]
661 [-1.06866670e-01]
662 [-1.06866413e-01]
663 [-1.06866157e-01]
664 [-1.06865902e-01]
665 [-1.06865647e-01]
666 [-1.06865393e-01]
667 [-1.06865139e-01]
668 [-1.06864886e-01]
669 [-1.06864634e-01]
670 [-1.06864382e-01]
671 [-1.06864132e-01]
672 [-1.06863881e-01]
673 [-1.06863632e-01]
674 [-1.06863383e-01]
675 [-1.06863134e-01]
676 [-1.06862887e-01]
677 [-1.06862640e-01]
678 [-1.06862393e-01]
679 [-1.06862147e-01]
680 [-1.06861902e-01]
681 [-1.06861658e-01]
682 [-1.06861414e-01]
683 [-1.06861171e-01]
684 [-1.06860929e-01]
685 [-1.06860687e-01]
686 [-1.06860446e-01]
687 [-1.06860205e-01]
688 [-1.06859965e-01]
689 [-1.06859726e-01]
690 [-1.06859488e-01]
691 [-1.06859250e-01]
692 [-1.06859013e-01]
693 [-1.06858776e-01]
694 [-1.06858540e-01]
695 [-1.06858305e-01]
696 [-1.06858071e-01]
697 [-1.06857837e-01]
698 [-1.06857604e-01]
699 [-1.06857371e-01]
700 [-1.06857139e-01]
701 [-1.06856908e-01]
702 [-1.06856678e-01]
703 [-1.06856448e-01]
704 [-1.06856219e-01]
705 [-1.06855990e-01]
706 [-1.06855762e-01]
707 [-1.06855535e-01]
708 [-1.06855308e-01]
709 [-1.06855083e-01]
710 [-1.06854857e-01]
711 [-1.06854633e-01]
712 [-1.06854409e-01]
713 [-1.06854186e-01]
714 [-1.06853963e-01]
715 [-1.06853741e-01]
716 [-1.06853520e-01]
717 [-1.06853300e-01]
718 [-1.06853080e-01]
719 [-1.06852861e-01]
720 [-1.06852642e-01]
721 [-1.06852424e-01]
722 [-1.06852207e-01]
723 [-1.06851991e-01]
724 [-1.06851775e-01]
725 [-1.06851560e-01]
726 [-1.06851346e-01]
727 [-1.06851132e-01]
728 [-1.06850919e-01]
729 [-1.06850706e-01]
730 [-1.06850495e-01]
731 [-1.06850284e-01]
732 [-1.06850073e-01]
733 [-1.06849864e-01]
734 [-1.06849655e-01]
735 [-1.06849446e-01]
736 [-1.06849239e-01]
737 [-1.06849032e-01]
738 [-1.06848826e-01]
739 [-1.06848620e-01]
740 [-1.06848415e-01]
741 [-1.06848211e-01]
742 [-1.06848008e-01]
743 [-1.06847805e-01]
744 [-1.06847603e-01]
745 [-1.06847401e-01]
746 [-1.06847200e-01]
747 [-1.06847000e-01]
748 [-1.06846801e-01]
749 [-1.06846602e-01]
750 [-1.06846404e-01]
751 [-1.06846207e-01]
752 [-1.06846010e-01]
753 [-1.06845814e-01]
754 [-1.06845619e-01]
755 [-1.06845425e-01]
756 [-1.06845231e-01]
757 [-1.06845037e-01]
758 [-1.06844845e-01]
759 [-1.06844653e-01]
760 [-1.06844462e-01]
761 [-1.06844272e-01]
762 [-1.06844082e-01]
763 [-1.06843893e-01]
764 [-1.06843705e-01]
765 [-1.06843517e-01]
766 [-1.06843330e-01]
767 [-1.06843144e-01]
768 [-1.06842959e-01]
769 [-1.06842774e-01]
770 [-1.06842590e-01]
771 [-1.06842406e-01]
772 [-1.06842223e-01]
773 [-1.06842041e-01]
774 [-1.06841860e-01]
775 [-1.06841680e-01]
776 [-1.06841500e-01]
777 [-1.06841320e-01]
778 [-1.06841142e-01]
779 [-1.06840964e-01]
780 [-1.06840787e-01]
781 [-1.06840611e-01]
782 [-1.06840435e-01]
783 [-1.06840260e-01]
784 [-1.06840086e-01]
785 [-1.06839912e-01]
786 [-1.06839739e-01]
787 [-1.06839567e-01]
788 [-1.06839396e-01]
789 [-1.06839225e-01]
790 [-1.06839055e-01]
791 [-1.06838886e-01]
792 [-1.06838717e-01]
793 [-1.06838549e-01]
794 [-1.06838382e-01]
795 [-1.06838216e-01]
796 [-1.06838050e-01]
797 [-1.06837885e-01]
798 [-1.06837720e-01]
799 [-1.06837557e-01]
800 [-1.06837394e-01]
801 [-1.06837232e-01]
802 [-1.06837070e-01]
803 [-1.06836909e-01]
804 [-1.06836749e-01]
805 [-1.06836590e-01]
806 [-1.06836431e-01]
807 [-1.06836273e-01]
808 [-1.06836116e-01]
809 [-1.06835960e-01]
810 [-1.06835804e-01]
811 [-1.06835649e-01]
812 [-1.06835495e-01]
813 [-1.06835341e-01]
814 [-1.06835188e-01]
815 [-1.06835036e-01]
816 [-1.06834885e-01]
817 [-1.06834734e-01]
818 [-1.06834584e-01]
819 [-1.06834435e-01]
820 [-1.06834286e-01]
821 [-1.06834138e-01]
822 [-1.06833991e-01]
823 [-1.06833845e-01]
824 [-1.06833699e-01]
825 [-1.06833554e-01]
826 [-1.06833410e-01]
827 [-1.06833267e-01]
828 [-1.06833124e-01]
829 [-1.06832982e-01]
830 [-1.06832841e-01]
831 [-1.06832700e-01]
832 [-1.06832560e-01]
833 [-1.06832421e-01]
834 [-1.06832283e-01]
835 [-1.06832145e-01]
836 [-1.06832008e-01]
837 [-1.06831872e-01]
838 [-1.06831737e-01]
839 [-1.06831602e-01]
840 [-1.06831468e-01]
841 [-1.06831335e-01]
842 [-1.06831202e-01]
843 [-1.06831070e-01]
844 [-1.06830939e-01]
845 [-1.06830809e-01]
846 [-1.06830679e-01]
847 [-1.06830551e-01]
848 [-1.06830422e-01]
849 [-1.06830295e-01]
850 [-1.06830168e-01]
851 [-1.06830042e-01]
852 [-1.06829917e-01]
853 [-1.06829793e-01]
854 [-1.06829669e-01]
855 [-1.06829546e-01]
856 [-1.06829424e-01]
857 [-1.06829302e-01]
858 [-1.06829182e-01]
859 [-1.06829062e-01]
860 [-1.06828942e-01]
861 [-1.06828824e-01]
862 [-1.06828706e-01]
863 [-1.06828589e-01]
864 [-1.06828473e-01]
865 [-1.06828357e-01]
866 [-1.06828242e-01]
867 [-1.06828128e-01]
868 [-1.06828015e-01]
869 [-1.06827902e-01]
870 [-1.06827791e-01]
871 [-1.06827679e-01]
872 [-1.06827569e-01]
873 [-1.06827459e-01]
874 [-1.06827351e-01]
875 [-1.06827242e-01]
876 [-1.06827135e-01]
877 [-1.06827028e-01]
878 [-1.06826923e-01]
879 [-1.06826817e-01]
880 [-1.06826713e-01]
881 [-1.06826609e-01]
882 [-1.06826506e-01]
883 [-1.06826404e-01]
884 [-1.06826303e-01]
885 [-1.06826202e-01]
886 [-1.06826102e-01]
887 [-1.06826003e-01]
888 [-1.06825905e-01]
889 [-1.06825807e-01]
890 [-1.06825710e-01]
891 [-1.06825614e-01]
892 [-1.06825519e-01]
893 [-1.06825424e-01]
894 [-1.06825330e-01]
895 [-1.06825237e-01]
896 [-1.06825145e-01]
897 [-1.06825053e-01]
898 [-1.06824962e-01]
899 [-1.06824872e-01]
900 [-1.06824783e-01]
901 [-1.06824694e-01]
902 [-1.06824606e-01]
903 [-1.06824519e-01]
904 [-1.06824433e-01]
905 [-1.06824347e-01]
906 [-1.06824263e-01]
907 [-1.06824179e-01]
908 [-1.06824095e-01]
909 [-1.06824013e-01]
910 [-1.06823931e-01]
911 [-1.06823850e-01]
912 [-1.06823770e-01]
913 [-1.06823690e-01]
914 [-1.06823612e-01]
915 [-1.06823534e-01]
916 [-1.06823456e-01]
917 [-1.06823380e-01]
918 [-1.06823304e-01]
919 [-1.06823229e-01]
920 [-1.06823155e-01]
921 [-1.06823082e-01]
922 [-1.06823009e-01]
923 [-1.06822937e-01]
924 [-1.06822866e-01]
925 [-1.06822796e-01]
926 [-1.06822726e-01]
927 [-1.06822657e-01]
928 [-1.06822589e-01]
929 [-1.06822522e-01]
930 [-1.06822455e-01]
931 [-1.06822390e-01]
932 [-1.06822325e-01]
933 [-1.06822261e-01]
934 [-1.06822197e-01]
935 [-1.06822134e-01]
936 [-1.06822072e-01]
937 [-1.06822011e-01]
938 [-1.06821951e-01]
939 [-1.06821891e-01]
940 [-1.06821833e-01]
941 [-1.06821774e-01]
942 [-1.06821717e-01]
943 [-1.06821661e-01]
944 [-1.06821605e-01]
945 [-1.06821550e-01]
946 [-1.06821496e-01]
947 [-1.06821442e-01]
948 [-1.06821390e-01]
949 [-1.06821338e-01]
950 [-1.06821287e-01]
951 [-1.06821236e-01]
952 [-1.06821187e-01]
953 [-1.06821138e-01]
954 [-1.06821090e-01]
955 [-1.06821043e-01]
956 [-1.06820996e-01]
957 [-1.06820950e-01]
958 [-1.06820905e-01]
959 [-1.06820861e-01]
960 [-1.06820818e-01]
961 [-1.06820775e-01]
962 [-1.06820733e-01]
963 [-1.06820692e-01]
964 [-1.06820652e-01]
965 [-1.06820613e-01]
966 [-1.06820574e-01]
967 [-1.06820536e-01]
968 [-1.06820499e-01]
969 [-1.06820462e-01]
970 [-1.06820427e-01]
971 [-1.06820392e-01]
972 [-1.06820358e-01]
973 [-1.06820325e-01]
974 [-1.06820292e-01]
975 [-1.06820260e-01]
976 [-1.06820230e-01]
977 [-1.06820199e-01]
978 [-1.06820170e-01]
979 [-1.06820141e-01]
980 [-1.06820114e-01]
981 [-1.06820087e-01]
982 [-1.06820060e-01]
983 [-1.06820035e-01]
984 [-1.06820010e-01]
985 [-1.06819986e-01]
986 [-1.06819963e-01]
987 [-1.06819941e-01]
988 [-1.06819919e-01]
989 [-1.06819899e-01]
990 [-1.06819879e-01]
991 [-1.06819860e-01]
992 [-1.06819841e-01]
993 [-1.06819824e-01]
994 [-1.06819807e-01]
995 [-1.06819791e-01]
996 [-1.06819776e-01]
997 [-1.06819761e-01]
998 [-1.06819747e-01]
999 [-1.06819735e-01]
1000 [-1.06819722e-01]
1001 [-1.06819711e-01]
1002 [-1.06819701e-01]
1003 [-1.06819691e-01]
1004 [-1.06819682e-01]
1005 [-1.06819674e-01]
1006 [-1.06819666e-01]
1007 [-1.06819660e-01]
1008 [-1.06819654e-01]
1009 [-1.06819649e-01]
1010 [-1.06819645e-01]
1011 [-1.06819641e-01]
1012 [-1.06819639e-01]
1013 [-1.06819637e-01]
1014 [-1.06819636e-01]
1015 [-1.06819636e-01]
1016 [-1.06819636e-01]
1017 [-1.06819638e-01]
1018 [-1.06819640e-01]
1019 [-1.06819643e-01]
1020 [-1.06819646e-01]
1021 [-1.06819651e-01]
1022 [-1.06819656e-01]
1023 [-1.06819662e-01]
1024 [-1.06819669e-01]
1025 [-1.06819677e-01]
1026 [-1.06819685e-01]
1027 [-1.06819694e-01]
1028 [-1.06819705e-01]
1029 [-1.06819715e-01]
1030 [-1.06819727e-01]
1031 [-1.06819739e-01]
1032 [-1.06819753e-01]
1033 [-1.06819767e-01]
1034 [-1.06819782e-01]
1035 [-1.06819797e-01]
1036 [-1.06819814e-01]
1037 [-1.06819831e-01]
1038 [-1.06819849e-01]
1039 [-1.06819868e-01]
1040 [-1.06819887e-01]
1041 [-1.06819908e-01]
1042 [-1.06819929e-01]
1043 [-1.06819951e-01]
1044 [-1.06819974e-01]
1045 [-1.06819997e-01]
1046 [-1.06820022e-01]
1047 [-1.06820047e-01]
1048 [-1.06820073e-01]
1049 [-1.06820100e-01]
1050 [-1.06820127e-01]
1051 [-1.06820156e-01]
1052 [-1.06820185e-01]
1053 [-1.06820215e-01]
1054 [-1.06820246e-01]
1055 [-1.06820277e-01]
1056 [-1.06820310e-01]
1057 [-1.06820343e-01]
1058 [-1.06820377e-01]
1059 [-1.06820412e-01]
1060 [-1.06820447e-01]
1061 [-1.06820484e-01]
1062 [-1.06820521e-01]
1063 [-1.06820559e-01]
1064 [-1.06820598e-01]
1065 [-1.06820638e-01]
1066 [-1.06820678e-01]
1067 [-1.06820719e-01]
1068 [-1.06820761e-01]
1069 [-1.06820804e-01]
1070 [-1.06820848e-01]
1071 [-1.06820892e-01]
1072 [-1.06820937e-01]
1073 [-1.06820983e-01]
1074 [-1.06821030e-01]
1075 [-1.06821078e-01]
1076 [-1.06821126e-01]
1077 [-1.06821176e-01]
1078 [-1.06821226e-01]
1079 [-1.06821277e-01]
1080 [-1.06821328e-01]
1081 [-1.06821381e-01]
1082 [-1.06821434e-01]
1083 [-1.06821488e-01]
1084 [-1.06821543e-01]
1085 [-1.06821599e-01]
1086 [-1.06821655e-01]
1087 [-1.06821713e-01]
1088 [-1.06821771e-01]
1089 [-1.06821830e-01]
1090 [-1.06821889e-01]
1091 [-1.06821950e-01]
1092 [-1.06822011e-01]
1093 [-1.06822074e-01]
1094 [-1.06822137e-01]
1095 [-1.06822200e-01]
1096 [-1.06822265e-01]
1097 [-1.06822330e-01]
1098 [-1.06822396e-01]
1099 [-1.06822463e-01]
1100 [-1.06822531e-01]
1101 [-1.06822600e-01]
1102 [-1.06822669e-01]
1103 [-1.06822740e-01]
1104 [-1.06822811e-01]
1105 [-1.06822883e-01]
1106 [-1.06822955e-01]
1107 [-1.06823029e-01]
1108 [-1.06823103e-01]
1109 [-1.06823178e-01]
1110 [-1.06823254e-01]
1111 [-1.06823331e-01]
1112 [-1.06823408e-01]
1113 [-1.06823487e-01]
1114 [-1.06823566e-01]
1115 [-1.06823646e-01]
1116 [-1.06823726e-01]
1117 [-1.06823808e-01]
1118 [-1.06823890e-01]
1119 [-1.06823974e-01]
1120 [-1.06824058e-01]
1121 [-1.06824142e-01]
1122 [-1.06824228e-01]
1123 [-1.06824314e-01]
1124 [-1.06824402e-01]
1125 [-1.06824490e-01]
1126 [-1.06824579e-01]
1127 [-1.06824668e-01]
1128 [-1.06824759e-01]
1129 [-1.06824850e-01]
1130 [-1.06824942e-01]
1131 [-1.06825035e-01]
1132 [-1.06825129e-01]
1133 [-1.06825223e-01]
1134 [-1.06825319e-01]
1135 [-1.06825415e-01]
1136 [-1.06825512e-01]
1137 [-1.06825610e-01]
1138 [-1.06825708e-01]
1139 [-1.06825808e-01]
1140 [-1.06825908e-01]
1141 [-1.06826009e-01]
1142 [-1.06826111e-01]
1143 [-1.06826213e-01]
1144 [-1.06826317e-01]
1145 [-1.06826421e-01]
1146 [-1.06826526e-01]
1147 [-1.06826632e-01]
1148 [-1.06826739e-01]
1149 [-1.06826846e-01]
1150 [-1.06826955e-01]
1151 [-1.06827064e-01]
1152 [-1.06827174e-01]
1153 [-1.06827285e-01]
1154 [-1.06827396e-01]
1155 [-1.06827508e-01]
1156 [-1.06827622e-01]
1157 [-1.06827736e-01]
1158 [-1.06827851e-01]
1159 [-1.06827966e-01]
1160 [-1.06828083e-01]
1161 [-1.06828200e-01]
1162 [-1.06828318e-01]
1163 [-1.06828437e-01]
1164 [-1.06828557e-01]
1165 [-1.06828677e-01]
1166 [-1.06828798e-01]
1167 [-1.06828921e-01]
1168 [-1.06829044e-01]
1169 [-1.06829167e-01]
1170 [-1.06829292e-01]
1171 [-1.06829417e-01]
1172 [-1.06829543e-01]
1173 [-1.06829670e-01]
1174 [-1.06829798e-01]
1175 [-1.06829927e-01]
1176 [-1.06830056e-01]
1177 [-1.06830187e-01]
1178 [-1.06830318e-01]
1179 [-1.06830450e-01]
1180 [-1.06830582e-01]
1181 [-1.06830716e-01]
1182 [-1.06830850e-01]
1183 [-1.06830985e-01]
1184 [-1.06831121e-01]
1185 [-1.06831258e-01]
1186 [-1.06831395e-01]
1187 [-1.06831534e-01]
1188 [-1.06831673e-01]
1189 [-1.06831813e-01]
1190 [-1.06831954e-01]
1191 [-1.06832095e-01]
1192 [-1.06832238e-01]
1193 [-1.06832381e-01]
1194 [-1.06832525e-01]
1195 [-1.06832670e-01]
1196 [-1.06832816e-01]
1197 [-1.06832962e-01]
1198 [-1.06833109e-01]
1199 [-1.06833257e-01]
1200 [-1.06833406e-01]
1201 [-1.06833556e-01]
1202 [-1.06833706e-01]
1203 [-1.06833858e-01]
1204 [-1.06834010e-01]
1205 [-1.06834163e-01]
1206 [-1.06834317e-01]
1207 [-1.06834471e-01]
1208 [-1.06834627e-01]
1209 [-1.06834783e-01]
1210 [-1.06834940e-01]
1211 [-1.06835098e-01]
1212 [-1.06835256e-01]
1213 [-1.06835416e-01]
1214 [-1.06835576e-01]
1215 [-1.06835737e-01]
1216 [-1.06835899e-01]
1217 [-1.06836061e-01]
1218 [-1.06836225e-01]
1219 [-1.06836389e-01]
1220 [-1.06836554e-01]
1221 [-1.06836720e-01]
1222 [-1.06836887e-01]
1223 [-1.06837054e-01]
1224 [-1.06837222e-01]
1225 [-1.06837391e-01]
1226 [-1.06837561e-01]
1227 [-1.06837732e-01]
1228 [-1.06837904e-01]
1229 [-1.06838076e-01]
1230 [-1.06838249e-01]
1231 [-1.06838423e-01]
1232 [-1.06838598e-01]
1233 [-1.06838773e-01]
1234 [-1.06838950e-01]
1235 [-1.06839127e-01]
1236 [-1.06839305e-01]
1237 [-1.06839483e-01]
1238 [-1.06839663e-01]
1239 [-1.06839843e-01]
1240 [-1.06840024e-01]
1241 [-1.06840206e-01]
1242 [-1.06840389e-01]
1243 [-1.06840573e-01]
1244 [-1.06840757e-01]
1245 [-1.06840942e-01]
1246 [-1.06841128e-01]
1247 [-1.06841315e-01]
1248 [-1.06841503e-01]
1249 [-1.06841691e-01]
1250 [-1.06841880e-01]
1251 [-1.06842070e-01]
1252 [-1.06842261e-01]
1253 [-1.06842453e-01]
1254 [-1.06842645e-01]
1255 [-1.06842838e-01]
1256 [-1.06843032e-01]
1257 [-1.06843227e-01]
1258 [-1.06843422e-01]
1259 [-1.06843619e-01]
1260 [-1.06843816e-01]
1261 [-1.06844014e-01]
1262 [-1.06844213e-01]
1263 [-1.06844412e-01]
1264 [-1.06844613e-01]
1265 [-1.06844814e-01]
1266 [-1.06845016e-01]
1267 [-1.06845218e-01]
1268 [-1.06845422e-01]
1269 [-1.06845626e-01]
1270 [-1.06845831e-01]
1271 [-1.06846037e-01]
1272 [-1.06846244e-01]
1273 [-1.06846452e-01]
1274 [-1.06846660e-01]
1275 [-1.06846869e-01]
1276 [-1.06847079e-01]
1277 [-1.06847289e-01]
1278 [-1.06847501e-01]
1279 [-1.06847713e-01]
1280 [-1.06847926e-01]
1281 [-1.06848140e-01]
1282 [-1.06848355e-01]
1283 [-1.06848570e-01]
1284 [-1.06848786e-01]
1285 [-1.06849003e-01]
1286 [-1.06849221e-01]
1287 [-1.06849440e-01]
1288 [-1.06849659e-01]
1289 [-1.06849879e-01]
1290 [-1.06850100e-01]
1291 [-1.06850322e-01]
1292 [-1.06850545e-01]
1293 [-1.06850768e-01]
1294 [-1.06850992e-01]
1295 [-1.06851217e-01]
1296 [-1.06851442e-01]
1297 [-1.06851669e-01]
1298 [-1.06851896e-01]
1299 [-1.06852124e-01]
1300 [-1.06852353e-01]
1301 [-1.06852583e-01]
1302 [-1.06852813e-01]
1303 [-1.06853044e-01]
1304 [-1.06853276e-01]
1305 [-1.06853509e-01]
1306 [-1.06853742e-01]
1307 [-1.06853976e-01]
1308 [-1.06854212e-01]
1309 [-1.06854447e-01]
1310 [-1.06854684e-01]
1311 [-1.06854921e-01]
1312 [-1.06855160e-01]
1313 [-1.06855398e-01]
1314 [-1.06855638e-01]
1315 [-1.06855879e-01]
1316 [-1.06856120e-01]
1317 [-1.06856362e-01]
1318 [-1.06856605e-01]
1319 [-1.06856848e-01]
1320 [-1.06857093e-01]
1321 [-1.06857338e-01]
1322 [-1.06857584e-01]
1323 [-1.06857831e-01]
1324 [-1.06858078e-01]
1325 [-1.06858326e-01]
1326 [-1.06858575e-01]
1327 [-1.06858825e-01]
1328 [-1.06859076e-01]
1329 [-1.06859327e-01]
1330 [-1.06859579e-01]
1331 [-1.06859832e-01]
1332 [-1.06860086e-01]
1333 [-1.06860340e-01]
1334 [-1.06860595e-01]
1335 [-1.06860851e-01]
1336 [-1.06861108e-01]
1337 [-1.06861365e-01]
1338 [-1.06861624e-01]
1339 [-1.06861883e-01]
1340 [-1.06862142e-01]
1341 [-1.06862403e-01]
1342 [-1.06862664e-01]
1343 [-1.06862926e-01]
1344 [-1.06863189e-01]
1345 [-1.06863453e-01]
1346 [-1.06863717e-01]
1347 [-1.06863982e-01]
1348 [-1.06864248e-01]
1349 [-1.06864514e-01]
1350 [-1.06864782e-01]
1351 [-1.06865050e-01]
1352 [-1.06865319e-01]
1353 [-1.06865589e-01]
1354 [-1.06865859e-01]
1355 [-1.06866130e-01]
1356 [-1.06866402e-01]
1357 [-1.06866675e-01]
1358 [-1.06866948e-01]
1359 [-1.06867222e-01]
1360 [-1.06867497e-01]
1361 [-1.06867773e-01]
1362 [-1.06868049e-01]
1363 [-1.06868327e-01]
1364 [-1.06868605e-01]
1365 [-1.06868883e-01]
1366 [-1.06869163e-01]
1367 [-1.06869443e-01]
1368 [-1.06869724e-01]
1369 [-1.06870005e-01]
1370 [-1.06870288e-01]
1371 [-1.06870571e-01]
1372 [-1.06870855e-01]
1373 [-1.06871140e-01]
1374 [-1.06871425e-01]
1375 [-1.06871711e-01]
1376 [-1.06871998e-01]
1377 [-1.06872286e-01]
1378 [-1.06872574e-01]
1379 [-1.06872863e-01]
1380 [-1.06873153e-01]
1381 [-1.06873444e-01]
1382 [-1.06873735e-01]
1383 [-1.06874027e-01]
1384 [-1.06874320e-01]
1385 [-1.06874614e-01]
1386 [-1.06874908e-01]
1387 [-1.06875203e-01]
1388 [-1.06875499e-01]
1389 [-1.06875795e-01]
1390 [-1.06876092e-01]
1391 [-1.06876390e-01]
1392 [-1.06876689e-01]
1393 [-1.06876989e-01]
1394 [-1.06877289e-01]
1395 [-1.06877590e-01]
1396 [-1.06877891e-01]
1397 [-1.06878194e-01]
1398 [-1.06878497e-01]
1399 [-1.06878800e-01]
1400 [-1.06879105e-01]
1401 [-1.06879410e-01]
1402 [-1.06879716e-01]
1403 [-1.06880023e-01]
1404 [-1.06880330e-01]
1405 [-1.06880639e-01]
1406 [-1.06880947e-01]
1407 [-1.06881257e-01]
1408 [-1.06881567e-01]
1409 [-1.06881878e-01]
1410 [-1.06882190e-01]
1411 [-1.06882503e-01]
1412 [-1.06882816e-01]
1413 [-1.06883130e-01]
1414 [-1.06883445e-01]
1415 [-1.06883760e-01]
1416 [-1.06884076e-01]
1417 [-1.06884393e-01]
1418 [-1.06884710e-01]
1419 [-1.06885029e-01]
1420 [-1.06885347e-01]
1421 [-1.06885667e-01]
1422 [-1.06885987e-01]
1423 [-1.06886309e-01]
1424 [-1.06886630e-01]
1425 [-1.06886953e-01]
1426 [-1.06887276e-01]
1427 [-1.06887600e-01]
1428 [-1.06887924e-01]
1429 [-1.06888250e-01]
1430 [-1.06888576e-01]
1431 [-1.06888903e-01]
1432 [-1.06889230e-01]
1433 [-1.06889558e-01]
1434 [-1.06889887e-01]
1435 [-1.06890216e-01]
1436 [-1.06890547e-01]
1437 [-1.06890878e-01]
1438 [-1.06891209e-01]
1439 [-1.06891542e-01]
1440 [-1.06891875e-01]
1441 [-1.06892208e-01]
1442 [-1.06892543e-01]
1443 [-1.06892878e-01]
1444 [-1.06893214e-01]
1445 [-1.06893550e-01]
1446 [-1.06893887e-01]
1447 [-1.06894225e-01]
1448 [-1.06894564e-01]
1449 [-1.06894903e-01]
1450 [-1.06895243e-01]
1451 [-1.06895584e-01]
1452 [-1.06895925e-01]
1453 [-1.06896267e-01]
1454 [-1.06896610e-01]
1455 [-1.06896953e-01]
1456 [-1.06897297e-01]
1457 [-1.06897642e-01]
1458 [-1.06897988e-01]
1459 [-1.06898334e-01]
1460 [-1.06898681e-01]
1461 [-1.06899028e-01]
1462 [-1.06899376e-01]
1463 [-1.06899725e-01]
1464 [-1.06900075e-01]
1465 [-1.06900425e-01]
1466 [-1.06900776e-01]
1467 [-1.06901127e-01]
1468 [-1.06901480e-01]
1469 [-1.06901832e-01]
1470 [-1.06902186e-01]
1471 [-1.06902540e-01]
1472 [-1.06902895e-01]
1473 [-1.06903251e-01]
1474 [-1.06903607e-01]
1475 [-1.06903964e-01]
1476 [-1.06904322e-01]
1477 [-1.06904680e-01]
1478 [-1.06905039e-01]
1479 [-1.06905399e-01]
1480 [-1.06905759e-01]
1481 [-1.06906120e-01]
1482 [-1.06906481e-01]
1483 [-1.06906844e-01]
1484 [-1.06907207e-01]
1485 [-1.06907570e-01]
1486 [-1.06907934e-01]
1487 [-1.06908299e-01]
1488 [-1.06908665e-01]
1489 [-1.06909031e-01]
1490 [-1.06909398e-01]
1491 [-1.06909766e-01]
1492 [-1.06910134e-01]
1493 [-1.06910503e-01]
1494 [-1.06910872e-01]
1495 [-1.06911242e-01]
1496 [-1.06911613e-01]
1497 [-1.06911985e-01]
1498 [-1.06912357e-01]
1499 [-1.06912730e-01]
1500 [-1.06913103e-01]
1501 [-1.06913477e-01]
1502 [-1.06913852e-01]
1503 [-1.06914227e-01]
1504 [-1.06914603e-01]
1505 [-1.06914980e-01]
1506 [-1.06915357e-01]
1507 [-1.06915735e-01]
1508 [-1.06916114e-01]
1509 [-1.06916493e-01]
1510 [-1.06916873e-01]
1511 [-1.06917253e-01]
1512 [-1.06917634e-01]
1513 [-1.06918016e-01]
1514 [-1.06918398e-01]
1515 [-1.06918781e-01]
1516 [-1.06919165e-01]
1517 [-1.06919549e-01]
1518 [-1.06919934e-01]
1519 [-1.06920320e-01]
1520 [-1.06920706e-01]
1521 [-1.06921093e-01]
1522 [-1.06921480e-01]
1523 [-1.06921869e-01]
1524 [-1.06922257e-01]
1525 [-1.06922647e-01]
1526 [-1.06923037e-01]
1527 [-1.06923427e-01]
1528 [-1.06923818e-01]
1529 [-1.06924210e-01]
1530 [-1.06924603e-01]
1531 [-1.06924996e-01]
1532 [-1.06925390e-01]
1533 [-1.06925784e-01]
1534 [-1.06926179e-01]
1535 [-1.06926574e-01]
1536 [-1.06926971e-01]
1537 [-1.06927367e-01]
1538 [-1.06927765e-01]
1539 [-1.06928163e-01]
1540 [-1.06928562e-01]
1541 [-1.06928961e-01]
1542 [-1.06929361e-01]
1543 [-1.06929761e-01]
1544 [-1.06930162e-01]
1545 [-1.06930564e-01]
1546 [-1.06930966e-01]
1547 [-1.06931369e-01]
1548 [-1.06931773e-01]
1549 [-1.06932177e-01]
1550 [-1.06932582e-01]
1551 [-1.06932987e-01]
1552 [-1.06933393e-01]
1553 [-1.06933800e-01]
1554 [-1.06934207e-01]
1555 [-1.06934614e-01]
1556 [-1.06935023e-01]
1557 [-1.06935432e-01]
1558 [-1.06935841e-01]
1559 [-1.06936251e-01]
1560 [-1.06936662e-01]
1561 [-1.06937074e-01]
1562 [-1.06937486e-01]
1563 [-1.06937898e-01]
1564 [-1.06938311e-01]
1565 [-1.06938725e-01]
1566 [-1.06939139e-01]
1567 [-1.06939554e-01]
1568 [-1.06939970e-01]
1569 [-1.06940386e-01]
1570 [-1.06940802e-01]
1571 [-1.06941220e-01]
1572 [-1.06941637e-01]
1573 [-1.06942056e-01]
1574 [-1.06942475e-01]
1575 [-1.06942895e-01]
1576 [-1.06943315e-01]
1577 [-1.06943735e-01]
1578 [-1.06944157e-01]
1579 [-1.06944579e-01]
1580 [-1.06945001e-01]
1581 [-1.06945424e-01]
1582 [-1.06945848e-01]
1583 [-1.06946272e-01]
1584 [-1.06946697e-01]
1585 [-1.06947122e-01]
1586 [-1.06947548e-01]
1587 [-1.06947975e-01]
1588 [-1.06948402e-01]
1589 [-1.06948830e-01]
1590 [-1.06949258e-01]
1591 [-1.06949687e-01]
1592 [-1.06950116e-01]
1593 [-1.06950546e-01]
1594 [-1.06950977e-01]
1595 [-1.06951408e-01]
1596 [-1.06951839e-01]
1597 [-1.06952272e-01]
1598 [-1.06952705e-01]
1599 [-1.06953138e-01]
1600 [-1.06953572e-01]
1601 [-1.06954006e-01]
1602 [-1.06954441e-01]
1603 [-1.06954877e-01]
1604 [-1.06955313e-01]
1605 [-1.06955750e-01]
1606 [-1.06956187e-01]
1607 [-1.06956625e-01]
1608 [-1.06957063e-01]
1609 [-1.06957502e-01]
1610 [-1.06957942e-01]
1611 [-1.06958382e-01]
1612 [-1.06958822e-01]
1613 [-1.06959264e-01]
1614 [-1.06959705e-01]
1615 [-1.06960147e-01]
1616 [-1.06960590e-01]
1617 [-1.06961034e-01]
1618 [-1.06961478e-01]
1619 [-1.06961922e-01]
1620 [-1.06962367e-01]
1621 [-1.06962812e-01]
1622 [-1.06963259e-01]
1623 [-1.06963705e-01]
1624 [-1.06964152e-01]
1625 [-1.06964600e-01]
1626 [-1.06965048e-01]
1627 [-1.06965497e-01]
1628 [-1.06965946e-01]
1629 [-1.06966396e-01]
1630 [-1.06966847e-01]
1631 [-1.06967298e-01]
1632 [-1.06967749e-01]
1633 [-1.06968201e-01]
1634 [-1.06968654e-01]
1635 [-1.06969107e-01]
1636 [-1.06969560e-01]
1637 [-1.06970014e-01]
1638 [-1.06970469e-01]
1639 [-1.06970924e-01]
1640 [-1.06971380e-01]
1641 [-1.06971836e-01]
1642 [-1.06972293e-01]
1643 [-1.06972750e-01]
1644 [-1.06973208e-01]
1645 [-1.06973667e-01]
1646 [-1.06974125e-01]
1647 [-1.06974585e-01]
1648 [-1.06975045e-01]
1649 [-1.06975505e-01]
1650 [-1.06975966e-01]
1651 [-1.06976428e-01]
1652 [-1.06976890e-01]
1653 [-1.06977352e-01]
1654 [-1.06977815e-01]
1655 [-1.06978279e-01]
1656 [-1.06978743e-01]
1657 [-1.06979208e-01]
1658 [-1.06979673e-01]
1659 [-1.06980138e-01]
1660 [-1.06980604e-01]
1661 [-1.06981071e-01]
1662 [-1.06981538e-01]
1663 [-1.06982006e-01]
1664 [-1.06982474e-01]
1665 [-1.06982943e-01]
1666 [-1.06983412e-01]
1667 [-1.06983882e-01]
1668 [-1.06984352e-01]
1669 [-1.06984823e-01]
1670 [-1.06985294e-01]
1671 [-1.06985766e-01]
1672 [-1.06986238e-01]
1673 [-1.06986711e-01]
1674 [-1.06987184e-01]
1675 [-1.06987658e-01]
1676 [-1.06988132e-01]
1677 [-1.06988607e-01]
1678 [-1.06989082e-01]
1679 [-1.06989558e-01]
1680 [-1.06990034e-01]
1681 [-1.06990511e-01]
1682 [-1.06990988e-01]
1683 [-1.06991465e-01]
1684 [-1.06991944e-01]
1685 [-1.06992422e-01]
1686 [-1.06992902e-01]
1687 [-1.06993381e-01]
1688 [-1.06993862e-01]
1689 [-1.06994342e-01]
1690 [-1.06994823e-01]
1691 [-1.06995305e-01]
1692 [-1.06995787e-01]
1693 [-1.06996270e-01]
1694 [-1.06996753e-01]
1695 [-1.06997237e-01]
1696 [-1.06997721e-01]
1697 [-1.06998205e-01]
1698 [-1.06998690e-01]
1699 [-1.06999176e-01]
1700 [-1.06999662e-01]
1701 [-1.07000148e-01]
1702 [-1.07000635e-01]
1703 [-1.07001123e-01]
1704 [-1.07001611e-01]
1705 [-1.07002099e-01]
1706 [-1.07002588e-01]
1707 [-1.07003078e-01]
1708 [-1.07003568e-01]
1709 [-1.07004058e-01]
1710 [-1.07004549e-01]
1711 [-1.07005040e-01]
1712 [-1.07005532e-01]
1713 [-1.07006024e-01]
1714 [-1.07006517e-01]
1715 [-1.07007010e-01]
1716 [-1.07007504e-01]
1717 [-1.07007998e-01]
1718 [-1.07008492e-01]
1719 [-1.07008987e-01]
1720 [-1.07009483e-01]
1721 [-1.07009979e-01]
1722 [-1.07010475e-01]
1723 [-1.07010972e-01]
1724 [-1.07011470e-01]
1725 [-1.07011968e-01]
1726 [-1.07012466e-01]
1727 [-1.07012965e-01]
1728 [-1.07013464e-01]
1729 [-1.07013964e-01]
1730 [-1.07014464e-01]
1731 [-1.07014965e-01]
1732 [-1.07015466e-01]
1733 [-1.07015967e-01]
1734 [-1.07016469e-01]
1735 [-1.07016972e-01]
1736 [-1.07017475e-01]
1737 [-1.07017978e-01]
1738 [-1.07018482e-01]
1739 [-1.07018986e-01]
1740 [-1.07019491e-01]
1741 [-1.07019996e-01]
1742 [-1.07020502e-01]
1743 [-1.07021008e-01]
1744 [-1.07021515e-01]
1745 [-1.07022022e-01]
1746 [-1.07022529e-01]
1747 [-1.07023037e-01]
1748 [-1.07023545e-01]
1749 [-1.07024054e-01]
1750 [-1.07024564e-01]
1751 [-1.07025073e-01]
1752 [-1.07025583e-01]
1753 [-1.07026094e-01]
1754 [-1.07026605e-01]
1755 [-1.07027117e-01]
1756 [-1.07027629e-01]
1757 [-1.07028141e-01]
1758 [-1.07028654e-01]
1759 [-1.07029167e-01]
1760 [-1.07029681e-01]
1761 [-1.07030195e-01]
1762 [-1.07030710e-01]
1763 [-1.07031225e-01]
1764 [-1.07031740e-01]
1765 [-1.07032256e-01]
1766 [-1.07032773e-01]
1767 [-1.07033289e-01]
1768 [-1.07033807e-01]
1769 [-1.07034324e-01]
1770 [-1.07034842e-01]
1771 [-1.07035361e-01]
1772 [-1.07035880e-01]
1773 [-1.07036399e-01]
1774 [-1.07036919e-01]
1775 [-1.07037439e-01]
1776 [-1.07037960e-01]
1777 [-1.07038481e-01]
1778 [-1.07039003e-01]
1779 [-1.07039525e-01]
1780 [-1.07040047e-01]
1781 [-1.07040570e-01]
1782 [-1.07041093e-01]
1783 [-1.07041617e-01]
1784 [-1.07042141e-01]
1785 [-1.07042666e-01]
1786 [-1.07043191e-01]
1787 [-1.07043716e-01]
1788 [-1.07044242e-01]
1789 [-1.07044768e-01]
1790 [-1.07045295e-01]
1791 [-1.07045822e-01]
1792 [-1.07046350e-01]
1793 [-1.07046878e-01]
1794 [-1.07047406e-01]
1795 [-1.07047935e-01]
1796 [-1.07048464e-01]
1797 [-1.07048994e-01]
1798 [-1.07049524e-01]
1799 [-1.07050054e-01]
1800 [-1.07050585e-01]
1801 [-1.07051117e-01]
1802 [-1.07051648e-01]
1803 [-1.07052181e-01]
1804 [-1.07052713e-01]
1805 [-1.07053246e-01]
1806 [-1.07053780e-01]
1807 [-1.07054313e-01]
1808 [-1.07054848e-01]
1809 [-1.07055382e-01]
1810 [-1.07055917e-01]
1811 [-1.07056453e-01]
1812 [-1.07056989e-01]
1813 [-1.07057525e-01]
1814 [-1.07058062e-01]
1815 [-1.07058599e-01]
1816 [-1.07059136e-01]
1817 [-1.07059674e-01]
1818 [-1.07060213e-01]
1819 [-1.07060751e-01]
1820 [-1.07061291e-01]
1821 [-1.07061830e-01]
1822 [-1.07062370e-01]
1823 [-1.07062910e-01]
1824 [-1.07063451e-01]
1825 [-1.07063992e-01]
1826 [-1.07064534e-01]
1827 [-1.07065076e-01]
1828 [-1.07065618e-01]
1829 [-1.07066161e-01]
1830 [-1.07066704e-01]
1831 [-1.07067248e-01]
1832 [-1.07067792e-01]
1833 [-1.07068336e-01]
1834 [-1.07068881e-01]
1835 [-1.07069426e-01]
1836 [-1.07069972e-01]
1837 [-1.07070518e-01]
1838 [-1.07071065e-01]
1839 [-1.07071611e-01]
1840 [-1.07072159e-01]
1841 [-1.07072706e-01]
1842 [-1.07073254e-01]
1843 [-1.07073803e-01]
1844 [-1.07074351e-01]
1845 [-1.07074900e-01]
1846 [-1.07075450e-01]
1847 [-1.07076000e-01]
1848 [-1.07076550e-01]
1849 [-1.07077101e-01]
1850 [-1.07077652e-01]
1851 [-1.07078204e-01]
1852 [-1.07078756e-01]
1853 [-1.07079308e-01]
1854 [-1.07079861e-01]
1855 [-1.07080414e-01]
1856 [-1.07080967e-01]
1857 [-1.07081521e-01]
1858 [-1.07082076e-01]
1859 [-1.07082630e-01]
1860 [-1.07083185e-01]
1861 [-1.07083741e-01]
1862 [-1.07084297e-01]
1863 [-1.07084853e-01]
1864 [-1.07085409e-01]
1865 [-1.07085966e-01]
1866 [-1.07086524e-01]
1867 [-1.07087082e-01]
1868 [-1.07087640e-01]
1869 [-1.07088198e-01]
1870 [-1.07088757e-01]
1871 [-1.07089316e-01]
1872 [-1.07089876e-01]
1873 [-1.07090436e-01]
1874 [-1.07090997e-01]
1875 [-1.07091557e-01]
1876 [-1.07092119e-01]
1877 [-1.07092680e-01]
1878 [-1.07093242e-01]
1879 [-1.07093804e-01]
1880 [-1.07094367e-01]
1881 [-1.07094930e-01]
1882 [-1.07095494e-01]
1883 [-1.07096058e-01]
1884 [-1.07096622e-01]
1885 [-1.07097186e-01]
1886 [-1.07097751e-01]
1887 [-1.07098317e-01]
1888 [-1.07098883e-01]
1889 [-1.07099449e-01]
1890 [-1.07100015e-01]
1891 [-1.07100582e-01]
1892 [-1.07101149e-01]
1893 [-1.07101717e-01]
1894 [-1.07102285e-01]
1895 [-1.07102853e-01]
1896 [-1.07103422e-01]
1897 [-1.07103991e-01]
1898 [-1.07104561e-01]
1899 [-1.07105131e-01]
1900 [-1.07105701e-01]
1901 [-1.07106271e-01]
1902 [-1.07106842e-01]
1903 [-1.07107414e-01]
1904 [-1.07107985e-01]
1905 [-1.07108557e-01]
1906 [-1.07109130e-01]
1907 [-1.07109703e-01]
1908 [-1.07110276e-01]
1909 [-1.07110849e-01]
1910 [-1.07111423e-01]
1911 [-1.07111998e-01]
1912 [-1.07112572e-01]
1913 [-1.07113147e-01]
1914 [-1.07113723e-01]
1915 [-1.07114298e-01]
1916 [-1.07114875e-01]
1917 [-1.07115451e-01]
1918 [-1.07116028e-01]
1919 [-1.07116605e-01]
1920 [-1.07117183e-01]
1921 [-1.07117761e-01]
1922 [-1.07118339e-01]
1923 [-1.07118918e-01]
1924 [-1.07119497e-01]
1925 [-1.07120076e-01]
1926 [-1.07120656e-01]
1927 [-1.07121236e-01]
1928 [-1.07121816e-01]
1929 [-1.07122397e-01]
1930 [-1.07122979e-01]
1931 [-1.07123560e-01]
1932 [-1.07124142e-01]
1933 [-1.07124724e-01]
1934 [-1.07125307e-01]
1935 [-1.07125890e-01]
1936 [-1.07126473e-01]
1937 [-1.07127057e-01]
1938 [-1.07127641e-01]
1939 [-1.07128226e-01]
1940 [-1.07128810e-01]
1941 [-1.07129396e-01]
1942 [-1.07129981e-01]
1943 [-1.07130567e-01]
1944 [-1.07131153e-01]
1945 [-1.07131740e-01]
1946 [-1.07132327e-01]
1947 [-1.07132914e-01]
1948 [-1.07133502e-01]
1949 [-1.07134090e-01]
1950 [-1.07134678e-01]
1951 [-1.07135267e-01]
1952 [-1.07135856e-01]
1953 [-1.07136445e-01]
1954 [-1.07137035e-01]
1955 [-1.07137625e-01]
1956 [-1.07138215e-01]
1957 [-1.07138806e-01]
1958 [-1.07139397e-01]
1959 [-1.07139989e-01]
1960 [-1.07140581e-01]
1961 [-1.07141173e-01]
1962 [-1.07141766e-01]
1963 [-1.07142359e-01]
1964 [-1.07142952e-01]
1965 [-1.07143546e-01]
1966 [-1.07144140e-01]
1967 [-1.07144734e-01]
1968 [-1.07145329e-01]
1969 [-1.07145924e-01]
1970 [-1.07146519e-01]
1971 [-1.07147115e-01]
1972 [-1.07147711e-01]
1973 [-1.07148307e-01]
1974 [-1.07148904e-01]
1975 [-1.07149501e-01]
1976 [-1.07150099e-01]
1977 [-1.07150696e-01]
1978 [-1.07151295e-01]
1979 [-1.07151893e-01]
1980 [-1.07152492e-01]
1981 [-1.07153091e-01]
1982 [-1.07153691e-01]
1983 [-1.07154291e-01]
1984 [-1.07154891e-01]
1985 [-1.07155491e-01]
1986 [-1.07156092e-01]
1987 [-1.07156694e-01]
1988 [-1.07157295e-01]
1989 [-1.07157897e-01]
1990 [-1.07158500e-01]
1991 [-1.07159102e-01]
1992 [-1.07159705e-01]
1993 [-1.07160309e-01]
1994 [-1.07160912e-01]
1995 [-1.07161516e-01]
1996 [-1.07162121e-01]
1997 [-1.07162725e-01]
1998 [-1.07163330e-01]
1999 [-1.07163936e-01]
2000 [-1.07164541e-01]
2000 [-1.07164541e-01]
3000 [-4.89964385e-01]
4000 [-4.93965363e-01]
5000 [-4.96300764e-01]
6000 [-4.96818896e-01]
7000 [-4.97383658e-01]
8000 [-4.97158940e-01]
9000 [-4.97289420e-01]
10000 [-4.97611420e-01]
11000 [-4.97127346e-01]
12000 [-4.96885718e-01]
13000 [-4.96277936e-01]
14000 [-4.96256410e-01]
15000 [-4.95864817e-01]
16000 [-4.95822818e-01]
17000 [-4.96004290e-01]
