# step, loss_train, loss_test, metrics_test
0.000000000000000000e+00 1.320305905596782792e-01 2.895520889869571124e-02 6.597473457514335671e-02 9.015191803395197212e-01 7.667301484747851732e-03 1.319920071521737959e-01 2.471165149366112423e-01 1.662204546204560165e-02 3.160894856236623300e-03 1.321272907228025206e-01 2.885645280084970718e-02 6.559391576605486107e-02 9.012848192129073732e-01 7.650532620640983737e-03 1.319920071521737959e-01 2.471165149366112423e-01 1.662204546204560165e-02 3.160894856236623300e-03
1.000000000000000000e+02 3.859746022513204245e-03 5.718312099484426647e-02 4.255547436717777542e-03 4.401209857614456905e-02 4.887660790316530370e-04 3.969216561815995005e-03 1.152725023502221835e-01 2.197297724557433288e-02 1.291420421019222461e-03 3.806620470958261681e-03 5.686000517427197698e-02 4.224005185463973466e-03 4.386856569092494745e-02 4.824387149270990935e-04 3.969216561815995005e-03 1.152725023502221835e-01 2.197297724557433288e-02 1.291420421019222461e-03
2.000000000000000000e+02 1.841749770618669952e-03 4.417728835547676119e-02 3.399707355333202608e-03 2.891261614709383920e-02 5.238689666478222587e-04 2.761592215643643780e-03 1.124612727592688294e-01 1.892226306135736877e-02 7.991832907051304004e-04 1.817255381175172848e-03 4.404575175537658177e-02 3.393443165668240738e-03 2.882193681336089539e-02 5.197561425232658829e-04 2.761592215643643780e-03 1.124612727592688294e-01 1.892226306135736877e-02 7.991832907051304004e-04
3.000000000000000000e+02 9.548552079649246915e-04 4.002780195908936522e-02 3.198038121505862065e-03 1.612893547009735390e-02 6.945419800165756122e-04 3.375963444408054681e-03 1.150382479427691229e-01 1.650414927606314031e-02 6.345172710477944757e-04 9.395875903757986780e-04 3.997186631633598691e-02 3.201016661845253620e-03 1.605129125232988840e-02 6.890689207407577630e-04 3.375963444408054681e-03 1.150382479427691229e-01 1.650414927606314031e-02 6.345172710477944757e-04
4.000000000000000000e+02 6.787940793245381826e-04 3.774124721137468025e-02 2.424105512052257549e-03 8.206364091514529308e-03 8.172511024475006365e-04 3.728604323897822571e-03 1.169082425041126638e-01 1.523112623406244412e-02 5.360479034251148817e-04 6.658273576766872252e-04 3.771846408241850968e-02 2.426974898804677098e-03 8.135771318218101150e-03 8.118262414500690069e-04 3.728604323897822571e-03 1.169082425041126638e-01 1.523112623406244412e-02 5.360479034251148817e-04
5.000000000000000000e+02 5.843128737819118686e-04 3.678974397028718368e-02 1.454663657841816964e-03 4.052006960629149501e-03 8.071489276784790017e-04 3.270979454186444344e-03 1.175426817743554508e-01 1.483134729662369776e-02 4.858411549996124144e-04 5.716276786295905726e-04 3.677957316271333876e-02 1.454330732392525955e-03 3.992439720413808874e-03 8.026798825033704468e-04 3.270979454186444344e-03 1.175426817743554508e-01 1.483134729662369776e-02 4.858411549996124144e-04
6.000000000000000000e+02 5.936326155935896373e-04 3.648924708876263856e-02 8.674541652304818906e-04 2.084693016720263938e-03 6.046446793850574278e-04 2.334474687016164889e-03 1.173764166056188302e-01 1.467760930386314416e-02 4.734180259432426438e-04 5.792658796919526688e-04 3.648378365330036399e-02 8.633157541886824502e-04 2.037475779336178020e-03 6.014650271750640945e-04 2.334474687016164889e-03 1.173764166056188302e-01 1.467760930386314416e-02 4.734180259432426438e-04
7.000000000000000000e+02 6.526388579324633342e-04 3.637853423682301662e-02 5.967034111280119200e-04 1.289304724739797920e-03 3.417007736422117740e-04 1.437119436415244160e-03 1.169388347111693094e-01 1.456590969909404322e-02 4.863316423086348848e-04 6.354288064528506273e-04 3.637465131861163103e-02 5.890610804395739371e-04 1.251157694081393842e-03 3.390169263292902731e-04 1.437119436415244160e-03 1.169388347111693094e-01 1.456590969909404322e-02 4.863316423086348848e-04
8.000000000000000000e+02 7.080763494115784214e-04 3.628802896069118628e-02 4.803148268208248285e-04 9.981669632795505103e-04 1.789447997406170730e-04 8.528329792548092767e-04 1.165369718350166006e-01 1.448881015455099654e-02 5.109757488392733518e-04 6.883111325841765379e-04 3.628487018893018778e-02 4.702552478802662157e-04 9.658692968498624586e-04 1.757929039591728964e-04 8.528329792548092767e-04 1.165369718350166006e-01 1.448881015455099654e-02 5.109757488392733518e-04
9.000000000000000000e+02 7.241595909063350831e-04 3.618714842533844733e-02 4.261219683641156823e-04 8.603823405208719469e-04 1.360545144305610381e-04 5.522630989379980881e-04 1.162498202096248906e-01 1.445545946257427612e-02 5.362247729186808481e-04 7.030449052601697767e-04 3.618506993492577595e-02 4.149820927822332230e-04 8.325263416988317637e-04 1.323218459043224956e-04 5.522630989379980881e-04 1.162498202096248906e-01 1.445545946257427612e-02 5.362247729186808481e-04
1.000000000000000000e+03 7.056050006035734972e-04 3.607177699702342200e-02 3.945473206921933161e-04 7.563195450197480628e-04 1.443780156507648831e-04 4.078138386845195449e-04 1.160493280824358292e-01 1.445169173618645990e-02 5.574529693127906792e-04 6.841460399814243724e-04 3.607135337680193732e-02 3.832833638639759465e-04 7.323134710716535344e-04 1.403759079488426937e-04 4.078138386845195449e-04 1.160493280824358292e-01 1.445169173618645990e-02 5.574529693127906792e-04
1.100000000000000000e+03 6.752848400789045061e-04 3.593820235389010020e-02 3.709145344580187147e-04 6.657476896381632611e-04 1.626901823271032876e-04 3.348157612711616946e-04 1.158940817892961800e-01 1.445685780055645103e-02 5.746765165473872051e-04 6.538883377756947142e-04 3.593982924700038495e-02 3.599979089043906910e-04 6.450172625475947838e-04 1.585387993859914348e-04 3.348157612711616946e-04 1.158940817892961800e-01 1.445685780055645103e-02 5.746765165473872051e-04
1.200000000000000000e+03 6.485741380044347717e-04 3.578400683180885111e-02 3.495788962208422964e-04 5.896577212948665497e-04 1.807569799625519580e-04 2.957060510160539751e-04 1.157598536567933101e-01 1.445934766581243036e-02 5.892794409872668384e-04 6.272568181279695315e-04 3.578799955945636407e-02 3.392203207655335954e-04 5.715779253163017501e-04 1.763827478637784393e-04 2.957060510160539751e-04 1.157598536567933101e-01 1.445934766581243036e-02 5.892794409872668384e-04
1.300000000000000000e+03 6.318807801852536696e-04 3.560985855049313836e-02 3.268731246776531156e-04 5.288896769965887234e-04 1.963873904625361802e-04 2.737097920316456908e-04 1.156362168416578406e-01 1.445533159409899404e-02 6.025984227529745333e-04 6.105011941812479598e-04 3.561663352652445075e-02 3.172197583063351371e-04 5.128691090483361147e-04 1.916652943097443699e-04 2.737097920316456908e-04 1.156362168416578406e-01 1.445533159409899404e-02 6.025984227529745333e-04
1.400000000000000000e+03 6.272049711184865366e-04 3.541912036868433838e-02 2.998242812742767864e-04 4.829032641822438650e-04 2.088016019287591645e-04 2.594277927250281525e-04 1.155186602310107474e-01 1.444433770194649379e-02 6.156960444003588186e-04 6.055808252480182358e-04 3.542931190442197981e-02 2.910377137147646554e-04 4.684063948406997279e-04 2.036151549740663569e-04 2.594277927250281525e-04 1.155186602310107474e-01 1.444433770194649379e-02 6.156960444003588186e-04
1.500000000000000000e+03 6.340860009722973974e-04 3.521636045928745740e-02 2.670559101708919799e-04 4.505775145794628273e-04 2.182630689479596808e-04 2.467964504634966635e-04 1.154042385236397766e-01 1.442697862816836457e-02 6.294494852375090519e-04 6.120494552057243864e-04 3.523087862298533712e-02 2.593030006297723376e-04 4.371146503219115048e-04 2.125128016258488587e-04 2.467964504634966635e-04 1.154042385236397766e-01 1.442697862816836457e-02 6.294494852375090519e-04
1.600000000000000000e+03 6.502994671354498041e-04 3.500616008182592248e-02 2.297436186928521033e-04 4.304448234563219974e-04 2.260733632125812699e-04 2.323646845576637693e-04 1.152898308458902010e-01 1.440412319247562703e-02 6.446200669608486951e-04 6.277253359929395099e-04 3.502619627871333269e-02 2.231412408618407774e-04 4.175642468085706397e-04 2.196739209486564016e-04 2.323646845576637693e-04 1.152898308458902010e-01 1.440412319247562703e-02 6.446200669608486951e-04
1.700000000000000000e+03 6.725208717389646700e-04 3.479276433934268969e-02 1.914595849647687603e-04 4.207120434815990245e-04 2.340625211281712923e-04 2.151840305804410031e-04 1.151717722823564494e-01 1.437664521846757776e-02 6.618630635246811229e-04 6.493382501112530611e-04 3.481973608090612599e-02 1.860165570492109332e-04 4.080041684449888114e-04 2.269439265629563641e-04 2.151840305804410031e-04 1.151717722823564494e-01 1.437664521846757776e-02 6.618630635246811229e-04
1.800000000000000000e+03 6.968766038606264606e-04 3.458012705010978655e-02 1.566461586676513146e-04 4.193037307361306698e-04 2.438243977100433264e-04 1.963646583396473156e-04 1.150462697824224390e-01 1.434537162853622913e-02 6.817573751060089287e-04 6.730723883320066702e-04 3.461555398610118711e-02 1.522437969285153517e-04 4.064163952397667977e-04 2.359397006523212691e-04 1.963646583396473156e-04 1.150462697824224390e-01 1.434537162853622913e-02 6.817573751060089287e-04
1.900000000000000000e+03 7.192484245296577611e-04 3.437150765897037386e-02 1.285685984213140410e-04 4.240195088387085616e-04 2.561015707503566511e-04 1.782379861391423853e-04 1.149102048748495974e-01 1.431102676122961333e-02 7.049391663600784036e-04 6.948718750537730485e-04 3.441682957008995042e-02 1.249964710864723966e-04 4.106766323423058601e-04 2.474339662962442743e-04 1.782379861391423853e-04 1.149102048748495974e-01 1.431102676122961333e-02 7.049391663600784036e-04
2.000000000000000000e+03 7.353366850106528643e-04 3.416858304107502770e-02 1.081556364505529693e-04 4.328258220497887719e-04 2.707170282640535496e-04 1.634137304323579653e-04 1.147619612071305445e-01 1.427406943625167922e-02 7.323216164759274597e-04 7.105119315700967123e-04 3.422495599685118628e-02 1.051789611632692297e-04 4.188367025791563244e-04 2.612758215732912726e-04 1.634137304323579653e-04 1.147619612071305445e-01 1.427406943625167922e-02 7.323216164759274597e-04
2.000000000000000000e+03 7.353366850106528643e-04 3.416858304107502770e-02 1.081556364505529693e-04 4.328258220497887719e-04 2.707170282640535496e-04 1.634137304323579653e-04 1.147619612071305445e-01 1.427406943625164279e-02 7.323216164759274597e-04 7.105119315700967123e-04 3.422495599685118628e-02 1.051789611632692297e-04 4.188367025791563244e-04 2.612758215732912726e-04 1.634137304323579653e-04 1.147619612071305445e-01 1.427406943625164279e-02 7.323216164759274597e-04
2.200000000000000000e+03 5.535287892450102380e-04 2.913718802894483748e-02 4.779899627893741121e-04 1.850079610957290751e-03 2.330079660540307438e-03 3.982309710029426704e-04 1.005354676929952756e-01 1.230055351258914006e-02 4.122264296356839726e-03 5.535287892450102380e-04 2.913718802894483748e-02 4.779899627893741121e-04 1.850079610957290751e-03 2.330079660540307438e-03 3.982309710029426704e-04 1.005354676929952756e-01 1.230055351258914006e-02 4.122264296356839726e-03
2.400000000000000000e+03 5.452662954817862626e-04 2.321734013754355591e-02 1.234655977712927847e-03 5.126889155412605453e-03 7.912182066173372580e-03 7.687606514555457094e-04 8.704692574878487854e-02 8.690420114760918566e-03 3.591511859960494664e-03 5.452662954817862626e-04 2.321734013754355591e-02 1.234655977712927847e-03 5.126889155412605453e-03 7.912182066173372580e-03 7.687606514555457094e-04 8.704692574878487854e-02 8.690420114760918566e-03 3.591511859960494664e-03
2.600000000000000000e+03 2.755190229916402566e-03 1.899740518894905625e-02 2.497052690266373613e-03 7.175771039997038726e-03 8.400267829829003580e-03 4.690861640921448888e-04 6.475777713304235739e-02 4.984376156002553321e-03 8.450116749120096388e-04 2.755190229916402566e-03 1.899740518894905625e-02 2.497052690266373613e-03 7.175771039997038726e-03 8.400267829829003580e-03 4.690861640921448888e-04 6.475777713304235739e-02 4.984376156002553321e-03 8.450116749120096388e-04
2.800000000000000000e+03 2.902552326456199396e-03 1.202432319150078914e-02 4.359369838251485677e-03 8.814332280710705791e-03 8.572957455240812902e-03 2.544925369142067681e-04 4.323279556689046954e-02 2.103767948638659256e-03 3.382810932526600519e-04 2.902552326456199396e-03 1.202432319150078914e-02 4.359369838251485677e-03 8.814332280710705791e-03 8.572957455240812902e-03 2.544925369142067681e-04 4.323279556689046954e-02 2.103767948638659256e-03 3.382810932526600519e-04
3.000000000000000000e+03 2.988468030028390131e-03 9.612629833144184857e-03 4.498865851171363756e-03 5.060336293716454284e-03 4.885770204332745385e-03 3.190964337059940740e-04 3.048314920226941407e-02 7.397886968337144412e-04 6.043552256304252556e-04 2.988468030028390131e-03 9.612629833144184857e-03 4.498865851171363756e-03 5.060336293716454284e-03 4.885770204332745385e-03 3.190964337059940740e-04 3.048314920226941407e-02 7.397886968337144412e-04 6.043552256304252556e-04
3.200000000000000000e+03 1.823016341959417599e-03 7.365679363330770828e-03 3.633997395595116049e-03 2.808862863579964127e-03 3.673617919435365631e-03 4.959305682381970597e-04 2.273759212149815967e-02 3.065917328720451068e-04 5.940132057498731999e-04 1.823016341959417599e-03 7.365679363330770828e-03 3.633997395595116049e-03 2.808862863579964127e-03 3.673617919435365631e-03 4.959305682381970597e-04 2.273759212149815967e-02 3.065917328720451068e-04 5.940132057498731999e-04
3.400000000000000000e+03 2.234453095888788189e-03 6.563007184612498941e-03 2.495266898036039953e-03 2.138860189845647256e-03 2.664095100491994505e-03 2.971232751757120721e-04 1.758504456052942949e-02 2.943539557678002093e-04 1.020520578929886039e-03 2.234453095888788189e-03 6.563007184612498941e-03 2.495266898036039953e-03 2.138860189845647256e-03 2.664095100491994505e-03 2.971232751757120721e-04 1.758504456052942949e-02 2.943539557678002093e-04 1.020520578929886039e-03
3.600000000000000000e+03 2.050126104364668588e-03 6.015911918489128159e-03 1.877843356569896139e-03 1.507174968588285329e-03 1.972795347169073281e-03 9.656283393884978062e-05 1.529914176335249454e-02 1.311864085093609827e-04 5.273802750335273475e-04 2.050126104364668588e-03 6.015911918489128159e-03 1.877843356569896139e-03 1.507174968588285329e-03 1.972795347169073281e-03 9.656283393884978062e-05 1.529914176335249454e-02 1.311864085093609827e-04 5.273802750335273475e-04
3.800000000000000000e+03 1.602753699033361307e-03 4.724877012293688359e-03 1.179879868412538274e-03 1.277536510087120885e-03 1.771608186141952366e-03 1.117258966835637634e-04 1.419506913390017853e-02 1.237734426066027177e-04 4.270507467395137560e-04 1.602753699033361307e-03 4.724877012293688359e-03 1.179879868412538274e-03 1.277536510087120885e-03 1.771608186141952366e-03 1.117258966835637634e-04 1.419506913390017853e-02 1.237734426066027177e-04 4.270507467395137560e-04
4.000000000000000000e+03 1.781328160985495542e-03 4.093027528351048626e-03 1.252680127205577174e-03 1.331832392567649853e-03 1.562891471432517653e-03 1.801909965588676754e-04 1.147413578850250450e-02 2.176078022001598478e-04 2.034430360641604303e-04 1.781328160985495542e-03 4.093027528351048626e-03 1.252680127205577174e-03 1.331832392567649853e-03 1.562891471432517653e-03 1.801909965588676754e-04 1.147413578850250450e-02 2.176078022001598478e-04 2.034430360641604303e-04
4.200000000000000000e+03 1.672423333632053330e-03 3.761153160326560774e-03 1.131988043208408427e-03 1.377927351270843721e-03 1.579681955713898960e-03 2.656367114769813092e-04 1.003043410360644760e-02 2.449926837016450781e-04 1.197467950033846181e-04 1.672423333632053330e-03 3.761153160326560774e-03 1.131988043208408427e-03 1.377927351270843721e-03 1.579681955713898960e-03 2.656367114769813092e-04 1.003043410360644760e-02 2.449926837016450781e-04 1.197467950033846181e-04
4.400000000000000000e+03 1.497772732058758093e-03 3.634803223994812534e-03 1.130722509294259347e-03 1.245760377975604211e-03 1.640149404336178071e-03 2.955654280608199379e-04 9.621931208915641964e-03 2.742015251868703510e-04 9.814906551911053458e-05 1.497772732058758093e-03 3.634803223994812534e-03 1.130722509294259347e-03 1.245760377975604211e-03 1.640149404336178071e-03 2.955654280608199379e-04 9.621931208915641964e-03 2.742015251868703510e-04 9.814906551911053458e-05
4.600000000000000000e+03 1.362965528493105235e-03 3.367204417629088373e-03 1.141658258183861048e-03 1.263696848442200744e-03 1.523775155104717697e-03 4.011090029558991681e-04 9.253562139953982330e-03 2.708833433299102120e-04 9.894163484278058554e-05 1.362965528493105235e-03 3.367204417629088373e-03 1.141658258183861048e-03 1.263696848442200744e-03 1.523775155104717697e-03 4.011090029558991681e-04 9.253562139953982330e-03 2.708833433299102120e-04 9.894163484278058554e-05
4.800000000000000000e+03 1.197514560557447249e-03 3.235186002890454073e-03 1.171925272742360474e-03 1.179325240962479518e-03 1.491146280832940504e-03 3.913781049871117835e-04 8.876462433711585637e-03 2.692051494477377765e-04 1.120969186399804019e-04 1.197514560557447249e-03 3.235186002890454073e-03 1.171925272742360474e-03 1.179325240962479518e-03 1.491146280832940504e-03 3.913781049871117835e-04 8.876462433711585637e-03 2.692051494477377765e-04 1.120969186399804019e-04
5.000000000000000000e+03 1.184594875288702597e-03 3.174261055026515298e-03 1.144018177659693715e-03 1.169190276122746269e-03 1.438205899209401726e-03 3.422230972036092089e-04 8.361174737205104984e-03 3.334903534565035205e-04 1.121836286652886023e-04 1.184594875288702597e-03 3.174261055026515298e-03 1.144018177659693715e-03 1.169190276122746269e-03 1.438205899209401726e-03 3.422230972036092089e-04 8.361174737205104984e-03 3.334903534565035205e-04 1.121836286652886023e-04
5.200000000000000000e+03 1.137586914055009960e-03 3.020030300343776262e-03 1.194673957084025793e-03 1.123860766776853563e-03 1.479212525405188905e-03 3.963107579490842791e-04 7.714864744450693895e-03 3.989388573882616737e-04 1.066754334582848134e-04 1.137586914055009960e-03 3.020030300343776262e-03 1.194673957084025793e-03 1.123860766776853563e-03 1.479212525405188905e-03 3.963107579490842791e-04 7.714864744450693895e-03 3.989388573882616737e-04 1.066754334582848134e-04
5.400000000000000000e+03 1.068286395255298215e-03 2.795201680625153222e-03 1.145407019165553021e-03 1.164342668675163702e-03 1.520488949310502781e-03 4.213580133385110005e-04 7.303727635571352801e-03 4.024676970603044911e-04 1.046144264233257119e-04 1.068286395255298215e-03 2.795201680625153222e-03 1.145407019165553021e-03 1.164342668675163702e-03 1.520488949310502781e-03 4.213580133385110005e-04 7.303727635571352801e-03 4.024676970603044911e-04 1.046144264233257119e-04
5.600000000000000000e+03 1.089388204091436187e-03 2.624413178608378007e-03 1.132146624147654457e-03 1.161671505483054256e-03 1.581842102869984203e-03 3.866983180966901998e-04 6.821652681893440248e-03 4.561191925548185541e-04 8.472866387765584412e-05 1.089388204091436187e-03 2.624413178608378007e-03 1.132146624147654457e-03 1.161671505483054256e-03 1.581842102869984203e-03 3.866983180966901998e-04 6.821652681893440248e-03 4.561191925548185541e-04 8.472866387765584412e-05
5.800000000000000000e+03 1.010047513650618161e-03 2.616841146198011121e-03 1.078320187001412418e-03 1.235721634261437813e-03 1.681493217540442090e-03 3.625066803103665415e-04 6.236514522106569210e-03 4.743466339665604022e-04 1.114843980605775337e-04 1.010047513650618161e-03 2.616841146198011121e-03 1.078320187001412418e-03 1.235721634261437813e-03 1.681493217540442090e-03 3.625066803103665415e-04 6.236514522106569210e-03 4.743466339665604022e-04 1.114843980605775337e-04
6.000000000000000000e+03 9.678776799248932057e-04 2.223541315552070470e-03 1.050388943613184091e-03 1.327953659070659799e-03 1.589989065182639653e-03 3.099447026114822185e-04 6.119718947974900521e-03 5.102096399485656769e-04 9.976185932844388855e-05 9.678776799248932057e-04 2.223541315552070470e-03 1.050388943613184091e-03 1.327953659070659799e-03 1.589989065182639653e-03 3.099447026114822185e-04 6.119718947974900521e-03 5.102096399485656769e-04 9.976185932844388855e-05
6.200000000000000000e+03 9.278427694537509434e-04 2.104881108747137016e-03 1.007136368204047385e-03 1.272342600998818078e-03 1.583638452964358356e-03 2.708711890996858907e-04 5.817456692884675346e-03 5.472603738639162134e-04 1.086169190836664642e-04 9.278427694537509434e-04 2.104881108747137016e-03 1.007136368204047385e-03 1.272342600998818078e-03 1.583638452964358356e-03 2.708711890996858907e-04 5.817456692884675346e-03 5.472603738639162134e-04 1.086169190836664642e-04
6.400000000000000000e+03 8.819965850797551691e-04 2.005572877941569007e-03 9.903937364652446937e-04 1.208703312572289223e-03 1.470793253949243548e-03 2.811770788058435460e-04 5.625914884632180965e-03 5.595082227743627696e-04 1.250902902738082012e-04 8.819965850797551691e-04 2.005572877941569007e-03 9.903937364652446937e-04 1.208703312572289223e-03 1.470793253949243548e-03 2.811770788058435460e-04 5.625914884632180965e-03 5.595082227743627696e-04 1.250902902738082012e-04
6.600000000000000000e+03 8.828710240358163307e-04 1.904520083740899672e-03 9.714303300593782808e-04 1.144642529789954063e-03 1.429069011930165882e-03 2.258124600821181677e-04 5.335592556469120895e-03 5.895537021236600325e-04 1.347993678575063999e-04 8.828710240358163307e-04 1.904520083740899672e-03 9.714303300593782808e-04 1.144642529789954063e-03 1.429069011930165882e-03 2.258124600821181677e-04 5.335592556469120895e-03 5.895537021236600325e-04 1.347993678575063999e-04
6.800000000000000000e+03 9.026635039743672847e-04 1.926568964800069728e-03 9.207048969021715094e-04 1.205154192881254102e-03 1.278886022515733113e-03 2.119874720853800803e-04 5.063757795397761871e-03 6.586248889394736954e-04 1.301058507966084191e-04 9.026635039743672847e-04 1.926568964800069728e-03 9.207048969021715094e-04 1.205154192881254102e-03 1.278886022515733113e-03 2.119874720853800803e-04 5.063757795397761871e-03 6.586248889394736954e-04 1.301058507966084191e-04
7.000000000000000000e+03 8.774481273543420978e-04 1.802025027487996539e-03 8.914566340201225333e-04 1.133110089971975072e-03 1.255023191064328063e-03 2.219432600030167829e-04 4.711571615304282687e-03 6.670142991088219737e-04 1.078246164988928054e-04 8.774481273543420978e-04 1.802025027487996539e-03 8.914566340201225333e-04 1.133110089971975072e-03 1.255023191064328063e-03 2.219432600030167829e-04 4.711571615304282687e-03 6.670142991088219737e-04 1.078246164988928054e-04
7.200000000000000000e+03 8.610289016642793834e-04 1.695086433037742979e-03 9.115793146341643520e-04 1.047334312738459070e-03 1.216431763180950533e-03 2.379117007901111009e-04 4.423947017478191759e-03 6.903479735221741253e-04 1.049499621822735950e-04 8.610289016642793834e-04 1.695086433037742979e-03 9.115793146341643520e-04 1.047334312738459070e-03 1.216431763180950533e-03 2.379117007901111009e-04 4.423947017478191759e-03 6.903479735221741253e-04 1.049499621822735950e-04
7.400000000000000000e+03 8.033507247168742782e-04 1.705760940901306913e-03 9.163194358023226890e-04 9.770111838517088823e-04 1.206018395992485438e-03 2.270358379111488286e-04 4.136985785638639355e-03 7.447426499825131850e-04 1.176757779800842452e-04 8.033507247168742782e-04 1.705760940901306913e-03 9.163194358023226890e-04 9.770111838517088823e-04 1.206018395992485438e-03 2.270358379111488286e-04 4.136985785638639355e-03 7.447426499825131850e-04 1.176757779800842452e-04
7.600000000000000000e+03 8.226249470527346183e-04 1.579199804794820293e-03 8.799162903375383092e-04 9.543346835596004576e-04 1.128896693702758107e-03 2.143287390358111300e-04 4.022163028809381570e-03 7.693233026965495000e-04 1.268790024211697263e-04 8.226249470527346183e-04 1.579199804794820293e-03 8.799162903375383092e-04 9.543346835596004576e-04 1.128896693702758107e-03 2.143287390358111300e-04 4.022163028809381570e-03 7.693233026965495000e-04 1.268790024211697263e-04
7.800000000000000000e+03 8.025241074725392122e-04 1.486487962750723639e-03 8.868701345375202280e-04 8.977544993936891187e-04 1.069467354847515031e-03 2.067180023363845531e-04 3.897737610449748553e-03 8.074566933736963652e-04 1.316113504630887906e-04 8.025241074725392122e-04 1.486487962750723639e-03 8.868701345375202280e-04 8.977544993936891187e-04 1.069467354847515031e-03 2.067180023363845531e-04 3.897737610449748553e-03 8.074566933736963652e-04 1.316113504630887906e-04
8.000000000000000000e+03 7.853514020973240747e-04 1.484545142432743860e-03 8.365766990999142514e-04 9.243969935516932468e-04 1.039718285596172385e-03 1.881253099797978035e-04 3.670634310032820039e-03 8.133241780429136718e-04 1.323920961347405784e-04 7.853514020973240747e-04 1.484545142432743860e-03 8.365766990999142514e-04 9.243969935516932468e-04 1.039718285596172385e-03 1.881253099797978035e-04 3.670634310032820039e-03 8.133241780429136718e-04 1.323920961347405784e-04
8.200000000000000000e+03 7.853750113718332114e-04 1.462543007630740834e-03 8.428369964353241367e-04 8.619790889636862663e-04 1.035571388780739694e-03 1.688122866121804231e-04 3.443404188366434599e-03 8.548943113344162868e-04 1.392047506967355997e-04 7.853750113718332114e-04 1.462543007630740834e-03 8.428369964353241367e-04 8.619790889636862663e-04 1.035571388780739694e-03 1.688122866121804231e-04 3.443404188366434599e-03 8.548943113344162868e-04 1.392047506967355997e-04
8.400000000000000000e+03 7.608936782348035052e-04 1.376756184052399003e-03 8.051917177932968288e-04 8.617596626929588041e-04 9.850465427184522654e-04 1.498281444437290209e-04 3.336585731549297686e-03 8.943030884193082716e-04 1.394477220296182316e-04 7.608936782348035052e-04 1.376756184052399003e-03 8.051917177932968288e-04 8.617596626929588041e-04 9.850465427184522654e-04 1.498281444437290209e-04 3.336585731549297686e-03 8.943030884193082716e-04 1.394477220296182316e-04
8.600000000000000000e+03 7.816052488709527039e-04 1.376189234072657626e-03 7.786400429152551565e-04 8.404379143315953305e-04 9.269024602317005790e-04 1.435724070424207791e-04 3.173764201967013785e-03 9.262161939731650010e-04 1.296460574574493871e-04 7.816052488709527039e-04 1.376189234072657626e-03 7.786400429152551565e-04 8.404379143315953305e-04 9.269024602317005790e-04 1.435724070424207791e-04 3.173764201967013785e-03 9.262161939731650010e-04 1.296460574574493871e-04
8.800000000000000000e+03 7.591433984410030566e-04 1.260725073328798846e-03 7.353094014360977591e-04 8.180485947592042737e-04 9.064982914448602635e-04 1.406941779224904531e-04 3.061191455747957167e-03 9.709033316414225059e-04 1.242719226308927638e-04 7.591433984410030566e-04 1.260725073328798846e-03 7.353094014360977591e-04 8.180485947592042737e-04 9.064982914448602635e-04 1.406941779224904531e-04 3.061191455747957167e-03 9.709033316414225059e-04 1.242719226308927638e-04
9.000000000000000000e+03 7.404370156691424554e-04 1.157912934613769280e-03 6.929653484130399860e-04 8.106984664092972475e-04 8.380736627353423509e-04 1.461447968705089663e-04 3.058928851260811228e-03 9.991975657595881122e-04 1.278044079534396095e-04 7.404370156691424554e-04 1.157912934613769280e-03 6.929653484130399860e-04 8.106984664092972475e-04 8.380736627353423509e-04 1.461447968705089663e-04 3.058928851260811228e-03 9.991975657595881122e-04 1.278044079534396095e-04
9.200000000000000000e+03 7.317222937009063401e-04 1.120906572651483380e-03 6.751572017732938337e-04 7.952262353511425517e-04 8.060066698520700328e-04 1.229182866509254807e-04 2.964203092974950979e-03 9.811735122390371090e-04 1.257696654708579927e-04 7.317222937009063401e-04 1.120906572651483380e-03 6.751572017732938337e-04 7.952262353511425517e-04 8.060066698520700328e-04 1.229182866509254807e-04 2.964203092974950979e-03 9.811735122390371090e-04 1.257696654708579927e-04
9.400000000000000000e+03 7.146170961335599533e-04 1.120714796253109973e-03 6.621919312039226905e-04 7.539880280514482409e-04 7.667258948108852208e-04 1.048349359313545458e-04 2.849769655782439896e-03 1.006443697029685367e-03 1.306464209304873474e-04 7.146170961335599533e-04 1.120714796253109973e-03 6.621919312039226905e-04 7.539880280514482409e-04 7.667258948108852208e-04 1.048349359313545458e-04 2.849769655782439896e-03 1.006443697029685367e-03 1.306464209304873474e-04
9.600000000000000000e+03 7.026476499023642753e-04 1.084807232603543330e-03 6.624182245351095937e-04 7.365406146243266318e-04 7.348972871559185990e-04 9.955486320301343815e-05 2.729293401930153913e-03 1.027006679948078540e-03 1.344780657617753068e-04 7.026476499023642753e-04 1.084807232603543330e-03 6.624182245351095937e-04 7.365406146243266318e-04 7.348972871559185990e-04 9.955486320301343815e-05 2.729293401930153913e-03 1.027006679948078540e-03 1.344780657617753068e-04
9.800000000000000000e+03 6.709705456743521746e-04 1.042028495438856572e-03 6.165522850537739083e-04 7.069475017261824977e-04 7.338565411603104266e-04 1.011216534195462092e-04 2.621421113812015449e-03 1.067446938044129675e-03 1.250344865224596851e-04 6.709705456743521746e-04 1.042028495438856572e-03 6.165522850537739083e-04 7.069475017261824977e-04 7.338565411603104266e-04 1.011216534195462092e-04 2.621421113812015449e-03 1.067446938044129675e-03 1.250344865224596851e-04
1.000000000000000000e+04 6.601255405094658656e-04 9.924373243422740520e-04 6.128379789415970298e-04 7.047419382443457624e-04 7.039899281351095920e-04 1.033531711146071686e-04 2.509070039117671305e-03 1.086112947568180576e-03 1.184057171637429987e-04 6.601255405094658656e-04 9.924373243422740520e-04 6.128379789415970298e-04 7.047419382443457624e-04 7.039899281351095920e-04 1.033531711146071686e-04 2.509070039117671305e-03 1.086112947568180576e-03 1.184057171637429987e-04
1.020000000000000000e+04 6.221846438226607840e-04 9.656813985350433177e-04 5.804150618444100509e-04 6.764650616270389844e-04 7.294571801663078496e-04 9.104431743192025839e-05 2.433416448848351593e-03 1.083409340343243626e-03 1.109400388562377040e-04 6.221846438226607840e-04 9.656813985350433177e-04 5.804150618444100509e-04 6.764650616270389844e-04 7.294571801663078496e-04 9.104431743192025839e-05 2.433416448848351593e-03 1.083409340343243626e-03 1.109400388562377040e-04
1.040000000000000000e+04 6.103589814927500024e-04 9.416131270854203109e-04 5.580443264663190921e-04 6.317499583753041640e-04 7.578534607964575870e-04 7.788185792999342718e-05 2.307544681012699706e-03 1.119172678582692516e-03 1.064860856794014093e-04 6.103589814927500024e-04 9.416131270854203109e-04 5.580443264663190921e-04 6.317499583753041640e-04 7.578534607964575870e-04 7.788185792999342718e-05 2.307544681012699706e-03 1.119172678582692516e-03 1.064860856794014093e-04
1.060000000000000000e+04 5.737133701189388616e-04 9.344805341067363887e-04 5.432801964063396945e-04 6.316515688855009903e-04 7.147169280085492434e-04 7.655718718887265738e-05 2.225830505292388916e-03 1.147311112439410247e-03 1.032155986625491199e-04 5.737133701189388616e-04 9.344805341067363887e-04 5.432801964063396945e-04 6.316515688855009903e-04 7.147169280085492434e-04 7.655718718887265738e-05 2.225830505292388916e-03 1.147311112439410247e-03 1.032155986625491199e-04
1.080000000000000000e+04 5.454763060411019996e-04 9.238294403593261869e-04 5.242536385607095414e-04 6.388960419409331652e-04 7.301127211119267822e-04 6.665000714019648175e-05 2.118941068446439108e-03 1.118236948843231299e-03 1.014562859536066855e-04 5.454763060411019996e-04 9.238294403593261869e-04 5.242536385607095414e-04 6.388960419409331652e-04 7.301127211119267822e-04 6.665000714019648175e-05 2.118941068446439108e-03 1.118236948843231299e-03 1.014562859536066855e-04
1.100000000000000000e+04 5.312468676789133945e-04 8.673381976334335400e-04 5.062259665540712762e-04 6.472495120877791051e-04 6.811164123779168099e-04 7.035396679198817707e-05 2.040308322580005468e-03 1.153355106636902655e-03 9.460307137385722529e-05 5.312468676789133945e-04 8.673381976334335400e-04 5.062259665540712762e-04 6.472495120877791051e-04 6.811164123779168099e-04 7.035396679198817707e-05 2.040308322580005468e-03 1.153355106636902655e-03 9.460307137385722529e-05
1.120000000000000000e+04 5.197720003570594849e-04 8.914768356893406319e-04 5.244851158331791932e-04 5.989663631526863461e-04 6.513270373361906103e-04 6.024663328123258091e-05 1.911401064949067030e-03 1.176098550709278948e-03 8.913723470939936052e-05 5.197720003570594849e-04 8.914768356893406319e-04 5.244851158331791932e-04 5.989663631526863461e-04 6.513270373361906103e-04 6.024663328123258091e-05 1.911401064949067030e-03 1.176098550709278948e-03 8.913723470939936052e-05
1.140000000000000000e+04 5.053280169019126874e-04 8.401076825496025429e-04 5.197613123070156296e-04 5.927215574983358453e-04 6.333486959307443962e-04 6.442450721890326335e-05 1.875319806904899743e-03 1.180884107130809749e-03 8.671148477148566639e-05 5.053280169019126874e-04 8.401076825496025429e-04 5.197613123070156296e-04 5.927215574983358453e-04 6.333486959307443962e-04 6.442450721890326335e-05 1.875319806904899743e-03 1.180884107130809749e-03 8.671148477148566639e-05
1.160000000000000000e+04 4.911764763345614904e-04 8.379324709936655097e-04 5.202915052316927280e-04 5.441273108118281415e-04 6.108301889333454544e-04 7.027165832955568328e-05 1.804626490429167692e-03 1.189592094725269245e-03 8.884625758788748521e-05 4.911764763345614904e-04 8.379324709936655097e-04 5.202915052316927280e-04 5.441273108118281415e-04 6.108301889333454544e-04 7.027165832955568328e-05 1.804626490429167692e-03 1.189592094725269245e-03 8.884625758788748521e-05
1.180000000000000000e+04 4.919149815219614518e-04 8.255739840500725662e-04 4.969338549667426603e-04 5.328844274187854394e-04 6.057420145184479014e-04 6.223296996767168981e-05 1.736526699484190793e-03 1.206770605649793576e-03 8.147231361740591153e-05 4.919149815219614518e-04 8.255739840500725662e-04 4.969338549667426603e-04 5.328844274187854394e-04 6.057420145184479014e-04 6.223296996767168981e-05 1.736526699484190793e-03 1.206770605649793576e-03 8.147231361740591153e-05
1.200000000000000000e+04 4.807888313956587036e-04 8.000949129459791233e-04 4.875908515578052126e-04 5.197065518333023482e-04 5.926271185587147963e-04 5.988080376370080157e-05 1.697696561306950630e-03 1.213730630657046655e-03 7.774679816795217993e-05 4.807888313956587036e-04 8.000949129459791233e-04 4.875908515578052126e-04 5.197065518333023482e-04 5.926271185587147963e-04 5.988080376370080157e-05 1.697696561306950630e-03 1.213730630657046655e-03 7.774679816795217993e-05
1.220000000000000000e+04 4.772571595744998013e-04 7.935408019365397655e-04 4.766204656979079442e-04 5.226332876335804687e-04 5.611115919682677956e-04 5.326244117890700482e-05 1.627974887182202400e-03 1.227356746987263471e-03 7.855864265823964241e-05 4.772571595744998013e-04 7.935408019365397655e-04 4.766204656979079442e-04 5.226332876335804687e-04 5.611115919682677956e-04 5.326244117890700482e-05 1.627974887182202400e-03 1.227356746987263471e-03 7.855864265823964241e-05
1.240000000000000000e+04 4.442941064724538177e-04 7.461151151896418905e-04 4.783288527726273394e-04 4.796240101419009375e-04 5.495246259708298775e-04 4.936712641084499778e-05 1.597215084218019847e-03 1.247486876474773959e-03 7.788145025703229645e-05 4.442941064724538177e-04 7.461151151896418905e-04 4.783288527726273394e-04 4.796240101419009375e-04 5.495246259708298775e-04 4.936712641084499778e-05 1.597215084218019847e-03 1.247486876474773959e-03 7.788145025703229645e-05
1.260000000000000000e+04 4.444245110660852431e-04 7.251929501263979600e-04 4.693908511642838882e-04 4.892227114910985535e-04 5.300329855088098093e-04 4.627303076687350083e-05 1.520207591862825875e-03 1.251203321448242150e-03 7.065019591390149869e-05 4.444245110660852431e-04 7.251929501263979600e-04 4.693908511642838882e-04 4.892227114910985535e-04 5.300329855088098093e-04 4.627303076687350083e-05 1.520207591862825875e-03 1.251203321448242150e-03 7.065019591390149869e-05
1.280000000000000000e+04 4.342355292754533180e-04 6.846394578247470960e-04 4.719380890308253352e-04 4.618962285707371501e-04 5.363790641432433651e-04 4.632264927164943946e-05 1.472139674957036789e-03 1.251614709689126328e-03 6.220830361123315768e-05 4.342355292754533180e-04 6.846394578247470960e-04 4.719380890308253352e-04 4.618962285707371501e-04 5.363790641432433651e-04 4.632264927164943946e-05 1.472139674957036789e-03 1.251614709689126328e-03 6.220830361123315768e-05
1.300000000000000000e+04 4.261458317569982984e-04 6.563177081500181287e-04 4.573144497574032014e-04 4.596644862983918908e-04 5.233589810846799939e-04 4.102553008752046282e-05 1.427502414528618660e-03 1.270330677187425563e-03 6.026463629507078894e-05 4.261458317569982984e-04 6.563177081500181287e-04 4.573144497574032014e-04 4.596644862983918908e-04 5.233589810846799939e-04 4.102553008752046282e-05 1.427502414528618660e-03 1.270330677187425563e-03 6.026463629507078894e-05
1.320000000000000000e+04 4.069903097099721099e-04 6.338455242577211790e-04 4.574379733104256282e-04 4.668457582093110030e-04 5.001311878074598096e-04 4.117923319557850888e-05 1.392389639807129539e-03 1.273800908742034159e-03 5.255048055140738611e-05 4.069903097099721099e-04 6.338455242577211790e-04 4.574379733104256282e-04 4.668457582093110030e-04 5.001311878074598096e-04 4.117923319557850888e-05 1.392389639807129539e-03 1.273800908742034159e-03 5.255048055140738611e-05
1.340000000000000000e+04 3.936944481936226117e-04 6.024673302765382998e-04 4.425296732842515842e-04 4.492699301023744840e-04 4.899376645292355349e-04 4.184732216773572733e-05 1.373910661589049492e-03 1.297656510073849591e-03 5.086479375991525843e-05 3.936944481936226117e-04 6.024673302765382998e-04 4.425296732842515842e-04 4.492699301023744840e-04 4.899376645292355349e-04 4.184732216773572733e-05 1.373910661589049492e-03 1.297656510073849591e-03 5.086479375991525843e-05
1.360000000000000000e+04 3.854176705138172526e-04 5.884139088455888266e-04 4.334154827599949944e-04 4.257641783980981856e-04 4.923775488017957886e-04 4.166684568015299815e-05 1.344062189521443712e-03 1.308842921478403946e-03 5.043187013870467276e-05 3.854176705138172526e-04 5.884139088455888266e-04 4.334154827599949944e-04 4.257641783980981856e-04 4.923775488017957886e-04 4.166684568015299815e-05 1.344062189521443712e-03 1.308842921478403946e-03 5.043187013870467276e-05
1.380000000000000000e+04 3.812876486459494088e-04 5.612941205505766248e-04 4.279338410836060528e-04 4.235670525645033875e-04 4.936532504669714208e-04 3.996634581388466552e-05 1.303827098120181492e-03 1.309193187179778567e-03 4.836908417198781089e-05 3.812876486459494088e-04 5.612941205505766248e-04 4.279338410836060528e-04 4.235670525645033875e-04 4.936532504669714208e-04 3.996634581388466552e-05 1.303827098120181492e-03 1.309193187179778567e-03 4.836908417198781089e-05
1.400000000000000000e+04 3.708180510343559669e-04 5.460608823583211870e-04 4.286315910772108407e-04 4.387519025407795540e-04 4.869473146933677170e-04 3.733834377835514208e-05 1.244835267207777081e-03 1.318162397537895941e-03 4.724446700722479916e-05 3.708180510343559669e-04 5.460608823583211870e-04 4.286315910772108407e-04 4.387519025407795540e-04 4.869473146933677170e-04 3.733834377835514208e-05 1.244835267207777081e-03 1.318162397537895941e-03 4.724446700722479916e-05
1.420000000000000000e+04 3.628489663555233046e-04 5.309915363041278150e-04 4.144824259649906363e-04 4.225812654931336608e-04 4.932277750937403291e-04 3.348590954389973223e-05 1.194728942165251785e-03 1.343107343632425751e-03 4.767884246555037845e-05 3.628489663555233046e-04 5.309915363041278150e-04 4.144824259649906363e-04 4.225812654931336608e-04 4.932277750937403291e-04 3.348590954389973223e-05 1.194728942165251785e-03 1.343107343632425751e-03 4.767884246555037845e-05
1.440000000000000000e+04 3.533715097857490438e-04 5.060964837574298807e-04 3.966108017563067844e-04 4.226889793276848131e-04 4.783205927908245258e-04 3.285686478067995249e-05 1.187732918277918919e-03 1.338327092203567313e-03 4.693111725256125230e-05 3.533715097857490438e-04 5.060964837574298807e-04 3.966108017563067844e-04 4.226889793276848131e-04 4.783205927908245258e-04 3.285686478067995249e-05 1.187732918277918919e-03 1.338327092203567313e-03 4.693111725256125230e-05
1.460000000000000000e+04 3.419896062628252154e-04 5.009540587948014536e-04 4.049419797204813079e-04 4.037724427327355598e-04 4.705703298756037370e-04 3.132045726726365712e-05 1.148245999146448298e-03 1.348112547932320878e-03 4.508525321347795585e-05 3.419896062628252154e-04 5.009540587948014536e-04 4.049419797204813079e-04 4.037724427327355598e-04 4.705703298756037370e-04 3.132045726726365712e-05 1.148245999146448298e-03 1.348112547932320878e-03 4.508525321347795585e-05
1.480000000000000000e+04 3.333924362484938270e-04 4.763698761002333544e-04 3.888726947662024818e-04 3.808158683274994274e-04 4.579058404230635943e-04 3.167810586954833440e-05 1.133982363517324708e-03 1.366081029521846232e-03 3.967091647191447632e-05 3.333924362484938270e-04 4.763698761002333544e-04 3.888726947662024818e-04 3.808158683274994274e-04 4.579058404230635943e-04 3.167810586954833440e-05 1.133982363517324708e-03 1.366081029521846232e-03 3.967091647191447632e-05
1.500000000000000000e+04 3.231027588670233358e-04 4.686601599401455211e-04 3.795822183241266798e-04 3.752225780070837986e-04 4.602458934872523063e-04 3.071842330223254668e-05 1.110362870761933633e-03 1.363551720363340332e-03 3.600956320100867083e-05 3.231027588670233358e-04 4.686601599401455211e-04 3.795822183241266798e-04 3.752225780070837986e-04 4.602458934872523063e-04 3.071842330223254668e-05 1.110362870761933633e-03 1.363551720363340332e-03 3.600956320100867083e-05
1.520000000000000000e+04 3.219559301713074539e-04 4.544761104217890529e-04 3.645213857997340397e-04 3.677318023953212952e-04 4.531756096806131753e-04 2.962625069511106378e-05 1.084985412489356156e-03 1.377794600388175051e-03 3.444049078861073621e-05 3.219559301713074539e-04 4.544761104217890529e-04 3.645213857997340397e-04 3.677318023953212952e-04 4.531756096806131753e-04 2.962625069511106378e-05 1.084985412489356156e-03 1.377794600388175051e-03 3.444049078861073621e-05
1.540000000000000000e+04 3.209061226263785409e-04 4.506259056780192508e-04 3.607510626877084609e-04 3.488160623069233492e-04 4.558953346932953206e-04 3.097554223053945434e-05 1.065514458484583460e-03 1.369534343575834609e-03 3.037046477521890023e-05 3.209061226263785409e-04 4.506259056780192508e-04 3.607510626877084609e-04 3.488160623069233492e-04 4.558953346932953206e-04 3.097554223053945434e-05 1.065514458484583460e-03 1.369534343575834609e-03 3.037046477521890023e-05
1.560000000000000000e+04 3.105518388794957637e-04 4.329189451797254662e-04 3.555692224183194089e-04 3.319774524035609123e-04 4.726692152063012901e-04 3.176379187011332562e-05 1.052357923911728882e-03 1.340502368390371953e-03 2.691825211259724312e-05 3.105518388794957637e-04 4.329189451797254662e-04 3.555692224183194089e-04 3.319774524035609123e-04 4.726692152063012901e-04 3.176379187011332562e-05 1.052357923911728882e-03 1.340502368390371953e-03 2.691825211259724312e-05
1.580000000000000000e+04 3.062223419099096558e-04 4.277065574832725724e-04 3.457455853696498379e-04 3.194987097273301654e-04 4.743342389602962414e-04 3.000927829184543301e-05 1.025682810804812595e-03 1.334698140152448939e-03 2.529073896011624917e-05 3.062223419099096558e-04 4.277065574832725724e-04 3.457455853696498379e-04 3.194987097273301654e-04 4.743342389602962414e-04 3.000927829184543301e-05 1.025682810804812595e-03 1.334698140152448939e-03 2.529073896011624917e-05
1.600000000000000000e+04 2.998461688244801544e-04 4.192086545219991149e-04 3.332216688278180259e-04 3.098725979726936496e-04 4.608997620524469358e-04 2.939944272532790253e-05 1.019896143961237633e-03 1.329093306322717133e-03 2.444973444336305906e-05 2.998461688244801544e-04 4.192086545219991149e-04 3.332216688278180259e-04 3.098725979726936496e-04 4.608997620524469358e-04 2.939944272532790253e-05 1.019896143961237633e-03 1.329093306322717133e-03 2.444973444336305906e-05
1.620000000000000000e+04 2.934135486586295061e-04 4.061274149996389792e-04 3.265538933112005536e-04 3.100867487868074054e-04 4.459695630897888793e-04 2.991752845942810513e-05 1.002425878508697793e-03 1.333038421049317955e-03 2.091390930688977198e-05 2.934135486586295061e-04 4.061274149996389792e-04 3.265538933112005536e-04 3.100867487868074054e-04 4.459695630897888793e-04 2.991752845942810513e-05 1.002425878508697793e-03 1.333038421049317955e-03 2.091390930688977198e-05
1.640000000000000000e+04 2.845189696383534309e-04 4.029350480124961500e-04 3.102529651484677215e-04 3.137212308591075878e-04 4.275079125208214770e-04 3.015494822696916254e-05 9.847629660823585627e-04 1.342172919721404054e-03 2.153067837995386411e-05 2.845189696383534309e-04 4.029350480124961500e-04 3.102529651484677215e-04 3.137212308591075878e-04 4.275079125208214770e-04 3.015494822696916254e-05 9.847629660823585627e-04 1.342172919721404054e-03 2.153067837995386411e-05
1.660000000000000000e+04 2.861761987316910620e-04 3.914633043715865716e-04 3.070603482437778945e-04 3.127077815575422760e-04 4.121037206006820789e-04 2.796080528657528692e-05 9.607800308824057363e-04 1.347045781919688342e-03 2.150137809173468834e-05 2.861761987316910620e-04 3.914633043715865716e-04 3.070603482437778945e-04 3.127077815575422760e-04 4.121037206006820789e-04 2.796080528657528692e-05 9.607800308824057363e-04 1.347045781919688342e-03 2.150137809173468834e-05
1.680000000000000000e+04 2.821988369563198937e-04 3.742395691845716598e-04 3.019306476269446437e-04 3.074397375246284547e-04 4.004973839347758286e-04 2.759100704923487401e-05 9.387615127182067374e-04 1.346644112082989297e-03 2.222806318472489261e-05 2.821988369563198937e-04 3.742395691845716598e-04 3.019306476269446437e-04 3.074397375246284547e-04 4.004973839347758286e-04 2.759100704923487401e-05 9.387615127182067374e-04 1.346644112082989297e-03 2.222806318472489261e-05
1.700000000000000000e+04 2.787523472390218281e-04 3.716677998999379576e-04 2.907312148501225752e-04 3.167522434064490278e-04 4.001009903476012569e-04 2.836713718855017380e-05 9.184718554513724136e-04 1.319403510485060065e-03 2.133299213571319971e-05 2.787523472390218281e-04 3.716677998999379576e-04 2.907312148501225752e-04 3.167522434064490278e-04 4.001009903476012569e-04 2.836713718855017380e-05 9.184718554513724136e-04 1.319403510485060065e-03 2.133299213571319971e-05
1.720000000000000000e+04 2.718477857651213463e-04 3.675972151692563248e-04 2.901623296957690627e-04 3.075793629850364958e-04 3.961883671028340885e-04 2.493088571516225465e-05 8.921179461791291839e-04 1.317944792226047931e-03 2.290829885633869183e-05 2.718477857651213463e-04 3.675972151692563248e-04 2.901623296957690627e-04 3.075793629850364958e-04 3.961883671028340885e-04 2.493088571516225465e-05 8.921179461791291839e-04 1.317944792226047931e-03 2.290829885633869183e-05
1.740000000000000000e+04 2.648278433380563753e-04 3.576702954292239811e-04 2.839010587211740055e-04 2.863768176383372143e-04 4.002511968897738671e-04 2.258670796333358050e-05 8.724304810195631504e-04 1.326568243926795187e-03 2.188140152964751622e-05 2.648278433380563753e-04 3.576702954292239811e-04 2.839010587211740055e-04 2.863768176383372143e-04 4.002511968897738671e-04 2.258670796333358050e-05 8.724304810195631504e-04 1.326568243926795187e-03 2.188140152964751622e-05
1.760000000000000000e+04 2.567810676994902535e-04 3.512317040570518884e-04 2.789495898028534365e-04 2.838702879772462477e-04 3.993671385965736980e-04 2.359466061615928442e-05 8.647041411366792685e-04 1.303246896145382602e-03 2.120506977090718911e-05 2.567810676994902535e-04 3.512317040570518884e-04 2.789495898028534365e-04 2.838702879772462477e-04 3.993671385965736980e-04 2.359466061615928442e-05 8.647041411366792685e-04 1.303246896145382602e-03 2.120506977090718911e-05
1.780000000000000000e+04 2.511715797016161487e-04 3.529139057444255880e-04 2.747764388343645306e-04 2.766660211422090876e-04 3.884715841952419741e-04 2.321051830957894128e-05 8.490337934885758579e-04 1.297964204970673005e-03 2.183332430602622298e-05 2.511715797016161487e-04 3.529139057444255880e-04 2.747764388343645306e-04 2.766660211422090876e-04 3.884715841952419741e-04 2.321051830957894128e-05 8.490337934885758579e-04 1.297964204970673005e-03 2.183332430602622298e-05
1.800000000000000000e+04 2.489832301971201933e-04 3.337579193730967598e-04 2.741051771140730472e-04 2.755969111528672622e-04 3.741294891410485292e-04 2.267040952062135081e-05 8.415087723760825058e-04 1.297280306992954759e-03 2.111938318324048055e-05 2.489832301971201933e-04 3.337579193730967598e-04 2.741051771140730472e-04 2.755969111528672622e-04 3.741294891410485292e-04 2.267040952062135081e-05 8.415087723760825058e-04 1.297280306992954759e-03 2.111938318324048055e-05
1.820000000000000000e+04 2.461105230651418319e-04 3.276305739216612591e-04 2.613600348109085822e-04 2.741766770560504374e-04 3.769194539296759935e-04 2.280319062223524617e-05 8.375090977544838227e-04 1.284183458238104085e-03 2.076247187325676595e-05 2.461105230651418319e-04 3.276305739216612591e-04 2.613600348109085822e-04 2.741766770560504374e-04 3.769194539296759935e-04 2.280319062223524617e-05 8.375090977544838227e-04 1.284183458238104085e-03 2.076247187325676595e-05
1.840000000000000000e+04 2.434571915618790000e-04 3.325164000819802262e-04 2.538731963661268638e-04 2.695991316173535499e-04 3.696881867455274230e-04 2.147988448942102441e-05 8.210886601476683920e-04 1.274501344299426141e-03 2.170412896173925455e-05 2.434571915618790000e-04 3.325164000819802262e-04 2.538731963661268638e-04 2.695991316173535499e-04 3.696881867455274230e-04 2.147988448942102441e-05 8.210886601476683920e-04 1.274501344299426141e-03 2.170412896173925455e-05
1.860000000000000000e+04 2.411289246561553671e-04 3.224297111426086665e-04 2.484971560445621759e-04 2.736118608672797985e-04 3.596853032904392001e-04 2.080226689774673701e-05 7.982543361762238802e-04 1.278768815127254762e-03 2.290039312981738352e-05 2.411289246561553671e-04 3.224297111426086665e-04 2.484971560445621759e-04 2.736118608672797985e-04 3.596853032904392001e-04 2.080226689774673701e-05 7.982543361762238802e-04 1.278768815127254762e-03 2.290039312981738352e-05
1.870200000000000000e+04 2.395440250334213085e-04 3.186433532808236133e-04 2.482698757501183829e-04 2.641818052122759221e-04 3.620837428765219849e-04 2.112093687135567263e-05 7.881301306413454567e-04 1.276823234829063810e-03 2.274912384778593415e-05 1.839596047827168044e-04 2.805965790062158382e-04 1.595375132685834926e-04 2.302625005234751364e-04 3.286297746331453759e-04 2.112093687135567263e-05 7.881301306413454567e-04 1.276823234829063810e-03 2.274912384778593415e-05
