# step, loss_train, loss_test, metrics_test
0.000000000000000000e+00 6.303517323107168946e-02 1.341608119275077005e-02 3.518728805935705112e-02 6.111851170356620289e-01 3.606779961681640806e-02 8.881985066195653353e-03 1.455365855042674572e-01 1.872990520116358040e-02 9.933418280271050140e-04 6.298252412079961837e-02 1.332075635756531373e-02 3.499094094621890000e-02 6.120474619992287701e-01 3.613242891644118798e-02 8.881985066195653353e-03 1.455365855042674572e-01 1.872990520116358040e-02 9.933418280271050140e-04
1.000000000000000000e+02 3.322973943342117753e-04 2.020828340788510466e-02 1.797429842447558076e-04 4.521155503401469390e-04 1.160910285427767410e-04 2.246893600574830722e-05 6.648504998876465788e-02 1.422949105695993019e-02 4.756873343947615293e-04 3.238530975366242081e-04 2.018840528022353142e-02 1.742835321832760832e-04 4.419839679758467890e-04 1.124169235031159279e-04 2.246893600574830722e-05 6.648504998876465788e-02 1.422949105695993019e-02 4.756873343947615293e-04
2.000000000000000000e+02 2.371903365353442400e-04 1.982896464994031091e-02 1.514054178277190565e-04 1.594124656636801125e-04 1.904838311905747005e-04 3.071210486817658151e-05 6.620922840748574845e-02 1.423855481799421452e-02 4.202063886072704489e-04 2.302018355116300971e-04 1.981056848256346897e-02 1.464574708970336711e-04 1.551248123765095962e-04 1.848192021277573691e-04 3.071210486817658151e-05 6.620922840748574845e-02 1.423855481799421452e-02 4.202063886072704489e-04
3.000000000000000000e+02 2.052258123541753976e-04 1.980038709254753476e-02 1.161885020378427413e-04 8.304201455565357994e-05 2.764022271489166745e-04 3.670898425156211067e-05 6.576719214040047112e-02 1.421213295569251529e-02 4.048638895928389982e-04 1.982524381042525814e-04 1.978041332466131536e-02 1.122581920908086406e-04 8.033428075680499149e-05 2.683293730943448461e-04 3.670898425156211067e-05 6.576719214040047112e-02 1.421213295569251529e-02 4.048638895928389982e-04
4.000000000000000000e+02 2.097452094251920371e-04 1.966106066189863763e-02 6.464576576488938056e-05 6.841718960469028471e-05 3.059758021739108439e-04 4.291658192879543480e-05 6.550095010649023552e-02 1.418620057905373329e-02 4.086226585336247990e-04 2.024256072773004413e-04 1.964506842403864612e-02 6.237222335181141634e-05 6.596343656864101152e-05 2.969432029461203915e-04 4.291658192879543480e-05 6.550095010649023552e-02 1.418620057905373329e-02 4.086226585336247990e-04
5.000000000000000000e+02 2.150884276210480799e-04 1.940981422460661548e-02 3.752538955210659328e-05 6.761812653696321485e-05 3.114295990914517972e-04 4.509964431182546035e-05 6.524583598400240936e-02 1.415467543645533045e-02 4.354605252825468243e-04 2.072862506335189511e-04 1.940346995989283146e-02 3.613629478561676870e-05 6.501218287092781257e-05 3.020828599379072991e-04 4.509964431182546035e-05 6.524583598400240936e-02 1.415467543645533045e-02 4.354605252825468243e-04
6.000000000000000000e+02 2.203951374465020895e-04 1.903407254360018827e-02 2.948569055640156103e-05 6.995589919752866887e-05 3.125894211447975278e-04 5.566159671591852003e-05 6.490528245619381353e-02 1.410727114746546801e-02 4.986297142377797047e-04 2.117233643603929098e-04 1.904500334593808852e-02 2.833874110341519010e-05 6.691231286611120483e-05 3.028448633019540964e-04 5.566159671591852003e-05 6.490528245619381353e-02 1.410727114746546801e-02 4.986297142377797047e-04
7.000000000000000000e+02 2.358235222571684691e-04 1.856673483341950148e-02 2.897047003976812687e-05 8.837043042522024197e-05 3.240882318364263497e-04 1.035275827673280197e-04 6.449298721445899385e-02 1.403202734267579299e-02 6.186378694855592959e-04 2.254429830355659137e-04 1.860210491418247056e-02 2.778181315219314297e-05 8.399069176884508831e-05 3.132544864146962339e-04 1.035275827673280197e-04 6.449298721445899385e-02 1.403202734267579299e-02 6.186378694855592959e-04
8.000000000000000000e+02 2.483799393066154679e-04 1.822609496153451691e-02 2.557487468919841716e-05 1.229901893089458114e-04 3.516763240896983683e-04 1.887064713329337476e-04 6.419412081674545634e-02 1.394958322225960633e-02 7.569491833269069653e-04 2.367545939245110432e-04 1.827416601880704414e-02 2.444513822004935587e-05 1.166174874797069357e-04 3.391926630685454785e-04 1.887064713329337476e-04 6.419412081674545634e-02 1.394958322225960633e-02 7.569491833269069653e-04
9.000000000000000000e+02 2.233391916923001871e-04 1.805627443635845347e-02 2.092980690597501950e-05 1.436101328960088565e-04 3.674469651905083603e-04 2.348995732701741987e-04 6.405297237625638684e-02 1.389137193680546264e-02 8.386164881190522665e-04 2.123665622981059918e-04 1.809856030850978681e-02 1.991763629133501268e-05 1.361496099089113938e-04 3.538754983035369110e-04 2.348995732701741987e-04 6.405297237625638684e-02 1.389137193680546264e-02 8.386164881190522665e-04
1.000000000000000000e+03 1.972104254127978070e-04 1.793703801330032849e-02 2.034061051361036774e-05 1.621327208335000391e-04 3.733059282491122777e-04 2.355147278327979459e-04 6.396486301681918174e-02 1.384809775143755299e-02 8.768995948073531055e-04 1.871434263513176881e-04 1.796904782834082837e-02 1.933631878782607853e-05 1.538430249823826692e-04 3.590287338601003521e-04 2.355147278327979459e-04 6.396486301681918174e-02 1.384809775143755299e-02 8.768995948073531055e-04
1.100000000000000000e+03 1.897507473425326982e-04 2.152036479301923030e-02 4.234862968946340525e-03 6.526430304930568374e-03 4.090149617057479395e-04 2.179785478430353333e-04 6.047872320813588859e-02 1.424409321191476285e-02 8.373260466553826813e-04 1.789124744615591092e-04 2.154997320653030679e-02 4.233621767853048418e-03 6.526835887792253703e-03 3.929123128705512796e-04 2.179785478430353333e-04 6.047872320813588859e-02 1.424409321191476285e-02 8.373260466553826813e-04
1.200000000000000000e+03 1.551514995549679952e-04 1.783585888573823580e-02 1.487496560516151854e-05 1.828212503622199457e-04 3.704915751426745619e-04 2.030360317513784079e-04 6.381058354896652907e-02 1.381928087336827676e-02 9.010378243382644644e-04 1.467157716983620932e-04 1.785959091093750062e-02 1.415508659373084393e-05 1.734088344102479857e-04 3.555245913513192238e-04 2.030360317513784079e-04 6.381058354896652907e-02 1.381928087336827676e-02 9.010378243382644644e-04
1.300000000000000000e+03 1.589726848238558622e-04 1.771704329656025034e-02 1.726789386109102295e-05 2.087428745124799974e-04 3.816158625584634818e-04 1.821618752767775360e-04 6.373792646218884306e-02 1.377750930905601023e-02 9.022867601253863274e-04 1.500871388895617996e-04 1.773382745748558822e-02 1.641538993465770468e-05 1.983571553038478781e-04 3.660946508230505849e-04 1.821618752767775360e-04 6.373792646218884306e-02 1.377750930905601023e-02 9.022867601253863274e-04
1.400000000000000000e+03 1.626178589383674448e-04 1.762065191357838068e-02 2.385162584788361450e-05 2.218802473477394415e-04 3.941412294079372331e-04 1.690452492659586144e-04 6.366491457421433187e-02 1.374775106146019880e-02 8.940317193957963982e-04 1.533342830128103232e-04 1.763274240770540055e-02 2.276611899308282817e-05 2.110109196322368450e-04 3.782658439297959170e-04 1.690452492659586144e-04 6.366491457421433187e-02 1.374775106146019880e-02 8.940317193957963982e-04
1.500000000000000000e+03 1.655722600572478510e-04 1.752394606204245656e-02 3.251799842129989400e-05 2.222809159154233590e-04 4.075999490574945105e-04 1.659157540763264596e-04 6.360377283589715991e-02 1.372359591455930838e-02 8.899348613149584775e-04 1.559844106427017707e-04 1.753358157280662799e-02 3.111002866000397478e-05 2.114483261946398880e-04 3.914560394787188922e-04 1.659157540763264596e-04 6.360377283589715991e-02 1.372359591455930838e-02 8.899348613149584775e-04
1.600000000000000000e+03 1.840964850433366524e-04 1.584332247712337896e-02 2.763574407568210496e-03 4.475193978736594948e-03 4.179879540134879808e-04 1.744267723548781465e-04 6.516890683590062516e-02 1.399284851094714267e-02 9.352790730815956945e-04 1.756411765150723149e-04 1.584717281359954849e-02 2.762773174009627505e-03 4.469328742994021185e-03 4.016694041289638065e-04 1.744267723548781465e-04 6.516890683590062516e-02 1.399284851094714267e-02 9.352790730815956945e-04
1.700000000000000000e+03 1.463973728329495325e-04 1.739418001406129941e-02 3.609060142651030726e-05 2.172018242056907944e-04 3.876449665146687856e-04 1.594088366208212208e-04 6.354979458932739911e-02 1.372470173302287738e-02 8.956137689293605783e-04 1.376438623298902031e-04 1.740383544239040153e-02 3.447638268649113176e-05 2.066280167620030957e-04 3.719662537815579930e-04 1.594088366208212208e-04 6.354979458932739911e-02 1.372470173302287738e-02 8.956137689293605783e-04
1.800000000000000000e+03 1.535146528587282271e-04 1.729506608657665340e-02 5.017593546704155730e-05 2.158756776978946578e-04 4.178002644669826199e-04 1.555775361833709009e-04 6.348102665845017922e-02 1.368911069022719570e-02 8.945243783835516533e-04 1.443124624504291435e-04 1.730237967883709732e-02 4.804994853840332001e-05 2.054247458786900870e-04 4.014698533546911109e-04 1.555775361833709009e-04 6.348102665845017922e-02 1.368911069022719570e-02 8.945243783835516533e-04
1.900000000000000000e+03 1.551835799992243021e-04 1.719066592406287217e-02 5.957036297377528417e-05 2.042324013919982718e-04 4.326725418742884892e-04 1.470500262336065650e-04 6.343454721612157288e-02 1.366607304696080931e-02 8.884700761743520190e-04 1.457753211210273988e-04 1.719841100415009719e-02 5.708099837031879877e-05 1.942561527052553061e-04 4.160205971534040544e-04 1.470500262336065650e-04 6.343454721612157288e-02 1.366607304696080931e-02 8.884700761743520190e-04
2.000000000000000000e+03 6.277576982650959724e-04 1.905918326026758217e-02 3.400960735982801035e-04 2.375890025112526447e-04 4.531544518123872996e-04 2.687489229498281861e-04 6.157361394252672260e-02 1.364622430287858353e-02 8.735437447888236675e-04 6.188813388700440581e-04 1.907742822094987342e-02 3.413159831752051159e-04 2.292323096989289674e-04 4.371329846059006244e-04 2.687489229498281861e-04 6.157361394252672260e-02 1.364622430287858353e-02 8.735437447888236675e-04
2.000000000000000000e+03 6.277576982650959724e-04 1.905918326026758217e-02 3.400960735982801035e-04 2.375890025112526447e-04 4.531544518123872996e-04 2.687489229498281861e-04 6.157361394252672260e-02 1.364622430287851067e-02 8.735437447888236675e-04 6.188813388700440581e-04 1.907742822094987342e-02 3.413159831752051159e-04 2.292323096989289674e-04 4.371329846059006244e-04 2.687489229498281861e-04 6.157361394252672260e-02 1.364622430287851067e-02 8.735437447888236675e-04
2.200000000000000000e+03 2.179024794967364127e-04 1.464495376786084831e-02 5.677036986008450557e-04 2.165983310726075309e-03 3.264246865986831884e-03 1.838512560350879187e-04 5.309242331729802089e-02 1.145466450102947294e-02 2.405126240686738387e-03 2.179024794967364127e-04 1.464495376786084831e-02 5.677036986008450557e-04 2.165983310726075309e-03 3.264246865986831884e-03 1.838512560350879187e-04 5.309242331729802089e-02 1.145466450102947294e-02 2.405126240686738387e-03
2.400000000000000000e+03 8.897328466359649603e-04 1.199804521860428630e-02 1.000693515185826056e-03 3.480165749028387399e-03 4.706186280016132900e-03 4.476743203725094019e-04 4.255022609742638295e-02 7.492765547088310607e-03 1.707877686151349286e-03 8.897328466359649603e-04 1.199804521860428630e-02 1.000693515185826056e-03 3.480165749028387399e-03 4.706186280016132900e-03 4.476743203725094019e-04 4.255022609742638295e-02 7.492765547088310607e-03 1.707877686151349286e-03
2.600000000000000000e+03 1.223983071487698675e-03 6.613930585881919871e-03 2.057839676082951885e-03 5.827141487784809164e-03 7.093455941469821620e-03 9.481399843001124962e-05 2.209074153003331986e-02 3.406362707191189741e-03 1.145031620372419120e-04 1.223983071487698675e-03 6.613930585881919871e-03 2.057839676082951885e-03 5.827141487784809164e-03 7.093455941469821620e-03 9.481399843001124962e-05 2.209074153003331986e-02 3.406362707191189741e-03 1.145031620372419120e-04
2.800000000000000000e+03 2.308698751771892221e-03 4.607064010741538859e-03 1.571759928791052145e-03 3.914918009098629706e-03 5.694236516776261629e-03 2.608209529169183737e-04 1.317535910173562794e-02 2.044124519537838126e-03 1.519528436234183133e-04 2.308698751771892221e-03 4.607064010741538859e-03 1.571759928791052145e-03 3.914918009098629706e-03 5.694236516776261629e-03 2.608209529169183737e-04 1.317535910173562794e-02 2.044124519537838126e-03 1.519528436234183133e-04
3.000000000000000000e+03 1.248805149374225196e-03 3.068352689740243971e-03 1.583330413553398104e-03 3.042356391549275608e-03 5.066876382050885391e-03 1.039955673310722538e-04 7.159317332469667360e-03 9.009399115107828834e-04 1.161564127216906626e-04 1.248805149374225196e-03 3.068352689740243971e-03 1.583330413553398104e-03 3.042356391549275608e-03 5.066876382050885391e-03 1.039955673310722538e-04 7.159317332469667360e-03 9.009399115107828834e-04 1.161564127216906626e-04
3.200000000000000000e+03 9.931398849762343092e-04 2.214528416804421168e-03 1.727989164384672411e-03 2.102775629341813775e-03 2.895814784716187456e-03 2.164358720845810738e-04 3.692240390102578124e-03 4.892761331872550303e-04 1.560120081404263448e-04 9.931398849762343092e-04 2.214528416804421168e-03 1.727989164384672411e-03 2.102775629341813775e-03 2.895814784716187456e-03 2.164358720845810738e-04 3.692240390102578124e-03 4.892761331872550303e-04 1.560120081404263448e-04
3.400000000000000000e+03 8.226681688423614566e-04 1.416968353891874793e-03 1.348643287038798827e-03 1.613143505629506189e-03 1.703063812578787346e-03 5.349312289182131666e-05 2.426838881301753535e-03 3.666544611606546971e-04 4.179878303370065983e-05 8.226681688423614566e-04 1.416968353891874793e-03 1.348643287038798827e-03 1.613143505629506189e-03 1.703063812578787346e-03 5.349312289182131666e-05 2.426838881301753535e-03 3.666544611606546971e-04 4.179878303370065983e-05
3.600000000000000000e+03 6.314869078469331591e-04 9.444100593666379271e-04 1.063268863690000404e-03 8.285960988715857433e-04 1.027940535599001755e-03 6.825665813264394162e-05 1.292150548055773663e-03 2.379287060333803224e-04 9.585964547050178689e-05 6.314869078469331591e-04 9.444100593666379271e-04 1.063268863690000404e-03 8.285960988715857433e-04 1.027940535599001755e-03 6.825665813264394162e-05 1.292150548055773663e-03 2.379287060333803224e-04 9.585964547050178689e-05
3.800000000000000000e+03 6.393381080325617749e-04 4.941765407668335811e-04 6.796201078200503343e-04 4.782619043536003142e-04 6.757240717446247238e-04 3.254572326264423447e-05 8.303670615736280730e-04 1.838161273682284891e-04 6.706585098705603249e-05 6.393381080325617749e-04 4.941765407668335811e-04 6.796201078200503343e-04 4.782619043536003142e-04 6.757240717446247238e-04 3.254572326264423447e-05 8.303670615736280730e-04 1.838161273682284891e-04 6.706585098705603249e-05
4.000000000000000000e+03 4.320381908927209955e-04 4.169747081272829085e-04 4.577964940163566912e-04 3.539939705117278236e-04 5.529039621137031481e-04 2.390903018201591461e-05 6.066897388287804819e-04 1.693765013175381809e-04 7.527689055214052411e-05 4.320381908927209955e-04 4.169747081272829085e-04 4.577964940163566912e-04 3.539939705117278236e-04 5.529039621137031481e-04 2.390903018201591461e-05 6.066897388287804819e-04 1.693765013175381809e-04 7.527689055214052411e-05
4.200000000000000000e+03 3.594438532818391009e-04 3.294425374095139654e-04 3.369135153160765853e-04 2.818473003015120647e-04 4.413749811070833448e-04 1.036776046823451741e-05 3.757324501373673627e-04 1.288264984859966106e-04 5.711964249302881790e-05 3.594438532818391009e-04 3.294425374095139654e-04 3.369135153160765853e-04 2.818473003015120647e-04 4.413749811070833448e-04 1.036776046823451741e-05 3.757324501373673627e-04 1.288264984859966106e-04 5.711964249302881790e-05
4.400000000000000000e+03 2.938062542738541141e-04 2.930610602245864991e-04 2.815001754166400472e-04 2.059566922589484660e-04 3.883468300159271624e-04 1.142894082940900822e-05 2.924161134588261425e-04 1.142287739418069683e-04 6.187947046854259091e-05 2.938062542738541141e-04 2.930610602245864991e-04 2.815001754166400472e-04 2.059566922589484660e-04 3.883468300159271624e-04 1.142894082940900822e-05 2.924161134588261425e-04 1.142287739418069683e-04 6.187947046854259091e-05
4.600000000000000000e+03 2.783571976383365418e-04 2.271151885216283583e-04 2.358881712239525939e-04 1.960011541557518937e-04 3.164779659337165971e-04 1.039535096570606838e-05 2.289641432055971595e-04 1.128348755163053935e-04 6.181748458340486426e-05 2.783571976383365418e-04 2.271151885216283583e-04 2.358881712239525939e-04 1.960011541557518937e-04 3.164779659337165971e-04 1.039535096570606838e-05 2.289641432055971595e-04 1.128348755163053935e-04 6.181748458340486426e-05
4.800000000000000000e+03 2.433074449856496803e-04 1.850051448695829858e-04 2.166281833295824314e-04 1.873297027104090353e-04 2.535304593190323736e-04 9.644055901991678786e-06 1.965777603620619675e-04 1.100314469598279854e-04 5.264810453822420889e-05 2.433074449856496803e-04 1.850051448695829858e-04 2.166281833295824314e-04 1.873297027104090353e-04 2.535304593190323736e-04 9.644055901991678786e-06 1.965777603620619675e-04 1.100314469598279854e-04 5.264810453822420889e-05
5.000000000000000000e+03 1.902147368173910007e-04 1.710408611850820022e-04 1.861329401244764085e-04 1.514328661565586770e-04 2.497264661437428824e-04 1.141851335957115929e-05 1.525286283136771291e-04 1.120618587414118252e-04 4.613265481774524537e-05 1.902147368173910007e-04 1.710408611850820022e-04 1.861329401244764085e-04 1.514328661565586770e-04 2.497264661437428824e-04 1.141851335957115929e-05 1.525286283136771291e-04 1.120618587414118252e-04 4.613265481774524537e-05
5.200000000000000000e+03 1.622920716204041033e-04 1.613758949293714459e-04 1.749700052871001985e-04 1.285063489398989675e-04 2.031836719191072770e-04 6.976841818584554088e-06 1.377206647431647858e-04 1.180137717532902988e-04 4.106428329246941715e-05 1.622920716204041033e-04 1.613758949293714459e-04 1.749700052871001985e-04 1.285063489398989675e-04 2.031836719191072770e-04 6.976841818584554088e-06 1.377206647431647858e-04 1.180137717532902988e-04 4.106428329246941715e-05
5.400000000000000000e+03 1.381993354242605336e-04 1.449520420813973714e-04 1.440581506974406326e-04 1.015365199318261067e-04 1.853228192744118467e-04 5.628745715538254625e-06 1.316030883652915585e-04 1.142609692541713290e-04 3.155855618875229952e-05 1.381993354242605336e-04 1.449520420813973714e-04 1.440581506974406326e-04 1.015365199318261067e-04 1.853228192744118467e-04 5.628745715538254625e-06 1.316030883652915585e-04 1.142609692541713290e-04 3.155855618875229952e-05
5.600000000000000000e+03 1.231736756755569490e-04 1.132405981614206976e-04 1.411665596125645907e-04 8.178080344189030853e-05 1.709029765424450098e-04 5.683525321422473498e-06 1.212555919529883532e-04 1.151161654622360759e-04 2.616571200745350576e-05 1.231736756755569490e-04 1.132405981614206976e-04 1.411665596125645907e-04 8.178080344189030853e-05 1.709029765424450098e-04 5.683525321422473498e-06 1.212555919529883532e-04 1.151161654622360759e-04 2.616571200745350576e-05
5.800000000000000000e+03 1.014310276193110521e-04 9.716196214678501453e-05 1.221268838939794550e-04 8.421818598014931651e-05 1.604327288758401477e-04 5.846611295288882340e-06 1.048701699613955202e-04 1.123836885659574642e-04 2.075305249474220185e-05 1.014310276193110521e-04 9.716196214678501453e-05 1.221268838939794550e-04 8.421818598014931651e-05 1.604327288758401477e-04 5.846611295288882340e-06 1.048701699613955202e-04 1.123836885659574642e-04 2.075305249474220185e-05
6.000000000000000000e+03 8.476322929873002926e-05 8.482169885522129868e-05 1.153472146295004029e-04 8.079138829542864011e-05 1.430973929846414536e-04 7.838176557135829526e-06 9.106127097563974145e-05 1.132840317680909332e-04 1.866600600448551067e-05 8.476322929873002926e-05 8.482169885522129868e-05 1.153472146295004029e-04 8.079138829542864011e-05 1.430973929846414536e-04 7.838176557135829526e-06 9.106127097563974145e-05 1.132840317680909332e-04 1.866600600448551067e-05
6.200000000000000000e+03 7.143473679470445196e-05 8.054516180711731503e-05 1.169147965036083887e-04 5.999329799412590942e-05 1.324625608224118867e-04 6.087255049466815986e-06 8.553108055418611562e-05 1.136197302564898921e-04 1.582670182316962848e-05 7.143473679470445196e-05 8.054516180711731503e-05 1.169147965036083887e-04 5.999329799412590942e-05 1.324625608224118867e-04 6.087255049466815986e-06 8.553108055418611562e-05 1.136197302564898921e-04 1.582670182316962848e-05
6.400000000000000000e+03 5.951544863441828633e-05 7.505065620558167515e-05 1.109840872737308514e-04 5.165660107677543780e-05 1.226596266171573379e-04 3.954590632853745802e-06 8.348460181542139270e-05 1.144540459138962190e-04 1.492099594115889358e-05 5.951544863441828633e-05 7.505065620558167515e-05 1.109840872737308514e-04 5.165660107677543780e-05 1.226596266171573379e-04 3.954590632853745802e-06 8.348460181542139270e-05 1.144540459138962190e-04 1.492099594115889358e-05
6.600000000000000000e+03 5.073872844944850167e-05 6.797142572789388669e-05 9.843653072542574221e-05 5.097914794293848624e-05 1.177901339051442246e-04 2.464106255415992890e-06 7.632892712383339880e-05 1.144516749791071316e-04 1.340142837641743705e-05 5.073872844944850167e-05 6.797142572789388669e-05 9.843653072542574221e-05 5.097914794293848624e-05 1.177901339051442246e-04 2.464106255415992890e-06 7.632892712383339880e-05 1.144516749791071316e-04 1.340142837641743705e-05
6.800000000000000000e+03 4.117009635103070401e-05 5.564873242298880822e-05 8.506962681342047146e-05 5.177413725226116098e-05 1.190212154956146501e-04 2.486108212349534860e-06 6.735797796200151347e-05 1.143135433458119344e-04 1.332932501335993692e-05 4.117009635103070401e-05 5.564873242298880822e-05 8.506962681342047146e-05 5.177413725226116098e-05 1.190212154956146501e-04 2.486108212349534860e-06 6.735797796200151347e-05 1.143135433458119344e-04 1.332932501335993692e-05
7.000000000000000000e+03 3.753651936774211959e-05 4.816054539015714880e-05 8.044331593812332148e-05 4.945969983359795513e-05 1.151728946190539007e-04 2.474080239307264752e-06 6.426346206980564026e-05 1.117559252235009258e-04 1.234951085879672542e-05 3.753651936774211959e-05 4.816054539015714880e-05 8.044331593812332148e-05 4.945969983359795513e-05 1.151728946190539007e-04 2.474080239307264752e-06 6.426346206980564026e-05 1.117559252235009258e-04 1.234951085879672542e-05
7.200000000000000000e+03 3.213899848028613926e-05 4.462386291797235046e-05 7.444707083765071437e-05 4.417075381457135020e-05 1.102330921152396302e-04 2.875437094306365588e-06 6.158305954053866060e-05 1.092985890497785820e-04 1.058787898028852173e-05 3.213899848028613926e-05 4.462386291797235046e-05 7.444707083765071437e-05 4.417075381457135020e-05 1.102330921152396302e-04 2.875437094306365588e-06 6.158305954053866060e-05 1.092985890497785820e-04 1.058787898028852173e-05
7.400000000000000000e+03 3.124163711862591774e-05 4.035530145462703740e-05 6.679525702123956428e-05 4.062202981390402267e-05 1.033698937093822077e-04 2.748402082385626522e-06 6.017021067291981857e-05 1.049137844350851289e-04 8.567715343605542591e-06 3.124163711862591774e-05 4.035530145462703740e-05 6.679525702123956428e-05 4.062202981390402267e-05 1.033698937093822077e-04 2.748402082385626522e-06 6.017021067291981857e-05 1.049137844350851289e-04 8.567715343605542591e-06
7.600000000000000000e+03 3.125741982501396181e-05 3.850668915890608976e-05 6.195121993347505428e-05 3.858173838388226471e-05 9.836516114257478596e-05 2.710276519343725724e-06 5.329809277531920292e-05 1.027093169949976699e-04 7.330265232767705792e-06 3.125741982501396181e-05 3.850668915890608976e-05 6.195121993347505428e-05 3.858173838388226471e-05 9.836516114257478596e-05 2.710276519343725724e-06 5.329809277531920292e-05 1.027093169949976699e-04 7.330265232767705792e-06
7.800000000000000000e+03 3.220432396988242722e-05 3.161876947085254203e-05 5.558906116068922391e-05 3.723587139815463451e-05 9.595327421658128022e-05 3.365265190101268221e-06 5.094968085474202083e-05 9.849020699781789424e-05 6.453137927000399095e-06 3.220432396988242722e-05 3.161876947085254203e-05 5.558906116068922391e-05 3.723587139815463451e-05 9.595327421658128022e-05 3.365265190101268221e-06 5.094968085474202083e-05 9.849020699781789424e-05 6.453137927000399095e-06
8.000000000000000000e+03 3.212085503482701624e-05 2.760922671645175380e-05 5.172220936705093533e-05 3.126124226803658952e-05 9.369357190024445918e-05 3.257679350839976749e-06 4.920843721008551198e-05 9.718266441773044776e-05 5.363809552142117863e-06 3.212085503482701624e-05 2.760922671645175380e-05 5.172220936705093533e-05 3.126124226803658952e-05 9.369357190024445918e-05 3.257679350839976749e-06 4.920843721008551198e-05 9.718266441773044776e-05 5.363809552142117863e-06
8.200000000000000000e+03 3.113255910036219823e-05 2.530737199148001514e-05 4.979372534196836888e-05 3.186880120759655213e-05 8.728710769589245288e-05 3.672299058410744645e-06 4.277676179515984330e-05 9.676983818566210749e-05 5.071060187405295238e-06 3.113255910036219823e-05 2.530737199148001514e-05 4.979372534196836888e-05 3.186880120759655213e-05 8.728710769589245288e-05 3.672299058410744645e-06 4.277676179515984330e-05 9.676983818566210749e-05 5.071060187405295238e-06
8.400000000000000000e+03 3.188786864917053247e-05 2.423279192389202725e-05 4.876433353788093119e-05 2.782772017742323039e-05 8.657893870097113068e-05 3.578759617307538485e-06 3.819659613090437673e-05 9.440633876532270952e-05 4.832031449134746543e-06 3.188786864917053247e-05 2.423279192389202725e-05 4.876433353788093119e-05 2.782772017742323039e-05 8.657893870097113068e-05 3.578759617307538485e-06 3.819659613090437673e-05 9.440633876532270952e-05 4.832031449134746543e-06
8.600000000000000000e+03 3.160173677277624318e-05 2.261355370676968634e-05 4.823191882336826027e-05 2.700281503672554212e-05 8.286616277956912328e-05 3.087178391249458747e-06 3.581883497734275542e-05 9.240876804086553932e-05 4.376277481746464597e-06 3.160173677277624318e-05 2.261355370676968634e-05 4.823191882336826027e-05 2.700281503672554212e-05 8.286616277956912328e-05 3.087178391249458747e-06 3.581883497734275542e-05 9.240876804086553932e-05 4.376277481746464597e-06
8.800000000000000000e+03 3.047235565583172580e-05 2.102904926054612717e-05 4.571119220136511728e-05 2.991953751772805366e-05 7.599696718147680289e-05 3.236716736043872078e-06 3.457488101117499508e-05 9.062251823391162227e-05 4.312841356695337936e-06 3.047235565583172580e-05 2.102904926054612717e-05 4.571119220136511728e-05 2.991953751772805366e-05 7.599696718147680289e-05 3.236716736043872078e-06 3.457488101117499508e-05 9.062251823391162227e-05 4.312841356695337936e-06
9.000000000000000000e+03 2.797805306790617104e-05 2.021716788172304936e-05 4.289973710822930260e-05 2.826417198627923137e-05 7.378263180329921870e-05 3.226154926377144274e-06 3.442690029250149733e-05 8.900571624191691035e-05 3.858807145332492819e-06 2.797805306790617104e-05 2.021716788172304936e-05 4.289973710822930260e-05 2.826417198627923137e-05 7.378263180329921870e-05 3.226154926377144274e-06 3.442690029250149733e-05 8.900571624191691035e-05 3.858807145332492819e-06
9.200000000000000000e+03 2.635347529016949565e-05 1.975197929832860137e-05 4.426649686937896000e-05 2.623430907889014334e-05 7.033967416557828072e-05 3.276209714183668031e-06 3.230583031824266562e-05 8.639026909076825435e-05 3.927601494603289910e-06 2.635347529016949565e-05 1.975197929832860137e-05 4.426649686937896000e-05 2.623430907889014334e-05 7.033967416557828072e-05 3.276209714183668031e-06 3.230583031824266562e-05 8.639026909076825435e-05 3.927601494603289910e-06
9.400000000000000000e+03 2.473379113328887652e-05 1.968204011241946470e-05 4.393719039443914312e-05 2.467599897285888868e-05 6.646893931632727633e-05 3.336993944237071855e-06 3.167038346028192621e-05 8.427330764670160925e-05 3.799475689605482456e-06 2.473379113328887652e-05 1.968204011241946470e-05 4.393719039443914312e-05 2.467599897285888868e-05 6.646893931632727633e-05 3.336993944237071855e-06 3.167038346028192621e-05 8.427330764670160925e-05 3.799475689605482456e-06
9.600000000000000000e+03 2.385818917313501972e-05 1.977528475145598204e-05 4.312767704117603427e-05 2.489656354011379134e-05 6.421010179318851270e-05 2.761970440738593999e-06 2.983624275278548411e-05 8.304339658119085804e-05 3.689624678675746953e-06 2.385818917313501972e-05 1.977528475145598204e-05 4.312767704117603427e-05 2.489656354011379134e-05 6.421010179318851270e-05 2.761970440738593999e-06 2.983624275278548411e-05 8.304339658119085804e-05 3.689624678675746953e-06
9.800000000000000000e+03 2.354123709211388644e-05 1.999897943608599059e-05 4.208316591590951415e-05 2.430380773276373215e-05 6.132924271942899615e-05 2.596852428545193904e-06 2.846355332850479585e-05 8.133372583044643476e-05 3.531915327239350574e-06 2.354123709211388644e-05 1.999897943608599059e-05 4.208316591590951415e-05 2.430380773276373215e-05 6.132924271942899615e-05 2.596852428545193904e-06 2.846355332850479585e-05 8.133372583044643476e-05 3.531915327239350574e-06
1.000000000000000000e+04 2.318339227397146215e-05 2.063691508255913578e-05 4.132569875128843333e-05 2.119188236740804924e-05 6.147604472943446322e-05 2.333013965699944922e-06 2.571928226744379584e-05 8.012456618377990735e-05 3.421362421389777801e-06 2.318339227397146215e-05 2.063691508255913578e-05 4.132569875128843333e-05 2.119188236740804924e-05 6.147604472943446322e-05 2.333013965699944922e-06 2.571928226744379584e-05 8.012456618377990735e-05 3.421362421389777801e-06
1.020000000000000000e+04 2.252734195143400920e-05 2.067242225246307153e-05 3.974334900711607642e-05 2.010265569229928599e-05 6.083505443732296550e-05 2.561434537535078311e-06 2.359094504969923585e-05 7.895124332520354297e-05 3.263799848294051161e-06 2.252734195143400920e-05 2.067242225246307153e-05 3.974334900711607642e-05 2.010265569229928599e-05 6.083505443732296550e-05 2.561434537535078311e-06 2.359094504969923585e-05 7.895124332520354297e-05 3.263799848294051161e-06
1.040000000000000000e+04 2.156727262989825629e-05 1.960529897390989181e-05 3.726445785088628761e-05 2.016879619318341903e-05 5.962117760711011422e-05 2.897032412994886158e-06 2.175850523915302600e-05 7.790763507256189230e-05 2.927106364162328891e-06 2.156727262989825629e-05 1.960529897390989181e-05 3.726445785088628761e-05 2.016879619318341903e-05 5.962117760711011422e-05 2.897032412994886158e-06 2.175850523915302600e-05 7.790763507256189230e-05 2.927106364162328891e-06
1.060000000000000000e+04 2.150373942138642850e-05 1.967770135771358992e-05 3.507757859127568314e-05 1.965632788503723260e-05 5.695977646971742906e-05 3.274819979089844489e-06 2.039526927352192394e-05 7.665588627848846895e-05 2.509831394788593017e-06 2.150373942138642850e-05 1.967770135771358992e-05 3.507757859127568314e-05 1.965632788503723260e-05 5.695977646971742906e-05 3.274819979089844489e-06 2.039526927352192394e-05 7.665588627848846895e-05 2.509831394788593017e-06
1.080000000000000000e+04 1.990710991560303497e-05 1.843254911447368135e-05 3.454880189129242422e-05 1.775930408485852755e-05 5.642009875623743239e-05 3.583979427992984269e-06 1.986350090589084473e-05 7.480837848315476243e-05 2.628683701368356400e-06 1.990710991560303497e-05 1.843254911447368135e-05 3.454880189129242422e-05 1.775930408485852755e-05 5.642009875623743239e-05 3.583979427992984269e-06 1.986350090589084473e-05 7.480837848315476243e-05 2.628683701368356400e-06
1.100000000000000000e+04 1.775890090508743045e-05 1.801871279687572216e-05 3.499695095717791373e-05 1.802485909720240970e-05 5.442872233201562736e-05 3.084989695186008115e-06 1.895706437904374735e-05 7.320102344252238412e-05 2.311165335601008132e-06 1.775890090508743045e-05 1.801871279687572216e-05 3.499695095717791373e-05 1.802485909720240970e-05 5.442872233201562736e-05 3.084989695186008115e-06 1.895706437904374735e-05 7.320102344252238412e-05 2.311165335601008132e-06
1.120000000000000000e+04 1.558563518686742258e-05 1.728318506960796458e-05 3.483410995626081758e-05 1.716757018281636719e-05 5.364987210094296225e-05 2.952787213161818883e-06 1.762319675647663114e-05 7.289920733771184031e-05 1.824137295704874464e-06 1.558563518686742258e-05 1.728318506960796458e-05 3.483410995626081758e-05 1.716757018281636719e-05 5.364987210094296225e-05 2.952787213161818883e-06 1.762319675647663114e-05 7.289920733771184031e-05 1.824137295704874464e-06
1.140000000000000000e+04 1.415894421335770059e-05 1.707104849997352755e-05 3.379331148454141353e-05 1.689609515426955373e-05 5.413605206986885467e-05 2.490669421787480673e-06 1.668299347239148784e-05 7.162922718574398721e-05 1.458620889077116808e-06 1.415894421335770059e-05 1.707104849997352755e-05 3.379331148454141353e-05 1.689609515426955373e-05 5.413605206986885467e-05 2.490669421787480673e-06 1.668299347239148784e-05 7.162922718574398721e-05 1.458620889077116808e-06
1.160000000000000000e+04 1.355271497331640816e-05 1.682476906727026954e-05 3.389792263040119423e-05 1.691874348204428402e-05 5.293310793239749918e-05 2.172086770794521986e-06 1.592226241479730728e-05 7.091988188669012838e-05 1.370577638237225384e-06 1.355271497331640816e-05 1.682476906727026954e-05 3.389792263040119423e-05 1.691874348204428402e-05 5.293310793239749918e-05 2.172086770794521986e-06 1.592226241479730728e-05 7.091988188669012838e-05 1.370577638237225384e-06
1.180000000000000000e+04 1.318419019054182761e-05 1.686941538616432897e-05 3.376476202509616498e-05 1.670167465945441305e-05 5.196577349706553965e-05 2.003496623791326230e-06 1.440930501569700766e-05 7.027864069610186525e-05 1.410505660667146100e-06 1.318419019054182761e-05 1.686941538616432897e-05 3.376476202509616498e-05 1.670167465945441305e-05 5.196577349706553965e-05 2.003496623791326230e-06 1.440930501569700766e-05 7.027864069610186525e-05 1.410505660667146100e-06
1.200000000000000000e+04 1.315733375937187496e-05 1.675643530873064464e-05 3.462941402822487504e-05 1.711946979631967137e-05 4.842182205724255905e-05 1.825139455827472394e-06 1.343324352318128876e-05 6.968733516880918234e-05 1.406884640515674299e-06 1.315733375937187496e-05 1.675643530873064464e-05 3.462941402822487504e-05 1.711946979631967137e-05 4.842182205724255905e-05 1.825139455827472394e-06 1.343324352318128876e-05 6.968733516880918234e-05 1.406884640515674299e-06
1.220000000000000000e+04 1.335670636237379178e-05 1.659601228784576769e-05 3.437362567405182531e-05 1.614813495791918416e-05 4.618903756865229854e-05 1.640264567651904186e-06 1.291439559494153501e-05 6.990918406381689304e-05 1.271982830425465107e-06 1.335670636237379178e-05 1.659601228784576769e-05 3.437362567405182531e-05 1.614813495791918416e-05 4.618903756865229854e-05 1.640264567651904186e-06 1.291439559494153501e-05 6.990918406381689304e-05 1.271982830425465107e-06
1.240000000000000000e+04 1.305027960583064438e-05 1.623229943867174062e-05 3.420329340354797597e-05 1.515357354271342113e-05 4.468755091601337798e-05 1.534717847382525313e-06 1.280798491470201258e-05 6.931905000483315135e-05 1.126789125459117053e-06 1.305027960583064438e-05 1.623229943867174062e-05 3.420329340354797597e-05 1.515357354271342113e-05 4.468755091601337798e-05 1.534717847382525313e-06 1.280798491470201258e-05 6.931905000483315135e-05 1.126789125459117053e-06
1.260000000000000000e+04 1.266999702043880925e-05 1.556697423754343159e-05 3.327387900443477576e-05 1.537946093049241607e-05 4.370222035944629620e-05 1.261163631840083242e-06 1.327968764739010427e-05 6.903244250040805935e-05 1.014730007820077719e-06 1.266999702043880925e-05 1.556697423754343159e-05 3.327387900443477576e-05 1.537946093049241607e-05 4.370222035944629620e-05 1.261163631840083242e-06 1.327968764739010427e-05 6.903244250040805935e-05 1.014730007820077719e-06
1.280000000000000000e+04 1.228836371136550586e-05 1.504751854603565804e-05 3.310131162781719972e-05 1.431972867599735189e-05 4.347253346753141370e-05 1.209137957001053220e-06 1.359585005387007363e-05 6.831246835811035745e-05 9.903237199124033841e-07 1.228836371136550586e-05 1.504751854603565804e-05 3.310131162781719972e-05 1.431972867599735189e-05 4.347253346753141370e-05 1.209137957001053220e-06 1.359585005387007363e-05 6.831246835811035745e-05 9.903237199124033841e-07
1.300000000000000000e+04 1.192865741554184531e-05 1.423088418667105466e-05 3.236161952831699106e-05 1.419561704946236521e-05 4.279391539561450163e-05 1.271403777792756193e-06 1.294311239863399408e-05 6.788949506454614751e-05 1.044932325347070682e-06 1.192865741554184531e-05 1.423088418667105466e-05 3.236161952831699106e-05 1.419561704946236521e-05 4.279391539561450163e-05 1.271403777792756193e-06 1.294311239863399408e-05 6.788949506454614751e-05 1.044932325347070682e-06
1.320000000000000000e+04 1.158713069618886628e-05 1.406982540988138321e-05 3.049494915469973841e-05 1.528285551246189830e-05 4.189438188977064981e-05 1.186839196885495973e-06 1.231616973493693155e-05 6.793521642804667361e-05 1.083764117769572701e-06 1.158713069618886628e-05 1.406982540988138321e-05 3.049494915469973841e-05 1.528285551246189830e-05 4.189438188977064981e-05 1.186839196885495973e-06 1.231616973493693155e-05 6.793521642804667361e-05 1.083764117769572701e-06
1.340000000000000000e+04 1.131342496087640454e-05 1.411679748582426150e-05 2.906881588080134510e-05 1.494063872247865261e-05 4.098472475233579516e-05 1.134032628777061516e-06 1.178888658890538416e-05 6.753827778195320420e-05 1.123016439743744803e-06 1.131342496087640454e-05 1.411679748582426150e-05 2.906881588080134510e-05 1.494063872247865261e-05 4.098472475233579516e-05 1.134032628777061516e-06 1.178888658890538416e-05 6.753827778195320420e-05 1.123016439743744803e-06
1.360000000000000000e+04 1.099418901485020581e-05 1.401773361085661735e-05 2.860273273461114371e-05 1.404735898515934060e-05 4.014975336293767112e-05 1.272508907586245806e-06 1.112616396161958714e-05 6.726556166616002046e-05 1.166583935908145145e-06 1.099418901485020581e-05 1.401773361085661735e-05 2.860273273461114371e-05 1.404735898515934060e-05 4.014975336293767112e-05 1.272508907586245806e-06 1.112616396161958714e-05 6.726556166616002046e-05 1.166583935908145145e-06
1.380000000000000000e+04 1.076344924680829756e-05 1.418743488974570042e-05 2.693145399133678290e-05 1.407715267349684013e-05 4.021419252943529764e-05 1.373789986490739097e-06 1.045745670865751220e-05 6.634399227921835836e-05 1.133865480881665573e-06 1.076344924680829756e-05 1.418743488974570042e-05 2.693145399133678290e-05 1.407715267349684013e-05 4.021419252943529764e-05 1.373789986490739097e-06 1.045745670865751220e-05 6.634399227921835836e-05 1.133865480881665573e-06
1.400000000000000000e+04 1.058748656571905318e-05 1.392917536760134054e-05 2.683370107625542822e-05 1.370976713101466881e-05 3.884208481677582067e-05 1.487085385584759093e-06 9.791713788908259274e-06 6.615086355010388330e-05 1.140076462145983011e-06 1.058748656571905318e-05 1.392917536760134054e-05 2.683370107625542822e-05 1.370976713101466881e-05 3.884208481677582067e-05 1.487085385584759093e-06 9.791713788908259274e-06 6.615086355010388330e-05 1.140076462145983011e-06
1.420000000000000000e+04 1.032134977949235401e-05 1.379773445618116732e-05 2.563112980244292244e-05 1.471437161026650815e-05 3.805195988280897154e-05 1.319618455028704214e-06 9.832513839676755820e-06 6.485886173789539135e-05 9.360425075253626014e-07 1.032134977949235401e-05 1.379773445618116732e-05 2.563112980244292244e-05 1.471437161026650815e-05 3.805195988280897154e-05 1.319618455028704214e-06 9.832513839676755820e-06 6.485886173789539135e-05 9.360425075253626014e-07
1.440000000000000000e+04 1.027027359050891420e-05 1.366946085086663776e-05 2.427131158212368365e-05 1.496031254134608941e-05 3.691684973766859256e-05 1.204733174310640375e-06 9.205730799948465387e-06 6.492422329528131696e-05 8.401643264156616159e-07 1.027027359050891420e-05 1.366946085086663776e-05 2.427131158212368365e-05 1.496031254134608941e-05 3.691684973766859256e-05 1.204733174310640375e-06 9.205730799948465387e-06 6.492422329528131696e-05 8.401643264156616159e-07
1.460000000000000000e+04 1.005228737061130539e-05 1.339872283999558525e-05 2.472314136911606312e-05 1.387008780039506145e-05 3.631091273455066263e-05 1.125827201644571507e-06 9.176059373214639017e-06 6.383236785520381195e-05 8.724627869502469955e-07 1.005228737061130539e-05 1.339872283999558525e-05 2.472314136911606312e-05 1.387008780039506145e-05 3.631091273455066263e-05 1.125827201644571507e-06 9.176059373214639017e-06 6.383236785520381195e-05 8.724627869502469955e-07
1.480000000000000000e+04 9.624076438339984810e-06 1.388431789766018448e-05 2.375343703375694618e-05 1.314430473040613588e-05 3.572582612375206976e-05 1.087603860707063715e-06 8.878478477422995077e-06 6.359232865441547401e-05 7.519460232222278084e-07 9.624076438339984810e-06 1.388431789766018448e-05 2.375343703375694618e-05 1.314430473040613588e-05 3.572582612375206976e-05 1.087603860707063715e-06 8.878478477422995077e-06 6.359232865441547401e-05 7.519460232222278084e-07
1.500000000000000000e+04 8.907884578427494610e-06 1.363980857863104360e-05 2.336845306125426812e-05 1.310625525468981250e-05 3.529164262151876079e-05 9.874623419476919582e-07 8.645884598437824471e-06 6.311601570032271185e-05 4.821117739068659185e-07 8.907884578427494610e-06 1.363980857863104360e-05 2.336845306125426812e-05 1.310625525468981250e-05 3.529164262151876079e-05 9.874623419476919582e-07 8.645884598437824471e-06 6.311601570032271185e-05 4.821117739068659185e-07
1.520000000000000000e+04 8.408419173367973797e-06 1.368799890621778161e-05 2.225743068891950939e-05 1.342165345335656042e-05 3.454119235719981662e-05 9.924767111789227244e-07 8.498784735716075780e-06 6.273680287205149269e-05 3.656950580972565532e-07 8.408419173367973797e-06 1.368799890621778161e-05 2.225743068891950939e-05 1.342165345335656042e-05 3.454119235719981662e-05 9.924767111789227244e-07 8.498784735716075780e-06 6.273680287205149269e-05 3.656950580972565532e-07
1.540000000000000000e+04 8.100302640727264627e-06 1.338699491471471950e-05 2.227983872987297662e-05 1.262655726929319648e-05 3.354846336076542469e-05 9.974778238303903379e-07 8.066335754899008645e-06 6.243423952856020005e-05 3.463068613710251841e-07 8.100302640727264627e-06 1.338699491471471950e-05 2.227983872987297662e-05 1.262655726929319648e-05 3.354846336076542469e-05 9.974778238303903379e-07 8.066335754899008645e-06 6.243423952856020005e-05 3.463068613710251841e-07
1.560000000000000000e+04 8.043133599635749609e-06 1.294711446467727743e-05 2.161947620081976814e-05 1.319050550773851525e-05 3.182350043136215136e-05 9.947795238248812703e-07 8.098587913448749949e-06 6.213660527483364740e-05 3.267399604041860039e-07 8.043133599635749609e-06 1.294711446467727743e-05 2.161947620081976814e-05 1.319050550773851525e-05 3.182350043136215136e-05 9.947795238248812703e-07 8.098587913448749949e-06 6.213660527483364740e-05 3.267399604041860039e-07
1.580000000000000000e+04 7.984036627116768690e-06 1.247714648129383985e-05 2.074178340691620539e-05 1.296011333101524658e-05 3.053383280272879051e-05 1.007941689270999136e-06 8.120101821804399364e-06 6.209462845226875968e-05 3.716658902055107458e-07 7.984036627116768690e-06 1.247714648129383985e-05 2.074178340691620539e-05 1.296011333101524658e-05 3.053383280272879051e-05 1.007941689270999136e-06 8.120101821804399364e-06 6.209462845226875968e-05 3.716658902055107458e-07
1.600000000000000000e+04 7.902292982052543869e-06 1.218047868604419953e-05 2.075928991969397408e-05 1.221596154951829245e-05 2.953729414133730621e-05 1.067673557194490481e-06 8.188253090111785376e-06 6.172146593716165686e-05 3.611873138114374604e-07 7.902292982052543869e-06 1.218047868604419953e-05 2.075928991969397408e-05 1.221596154951829245e-05 2.953729414133730621e-05 1.067673557194490481e-06 8.188253090111785376e-06 6.172146593716165686e-05 3.611873138114374604e-07
1.620000000000000000e+04 7.796881679958028968e-06 1.155828529994956722e-05 2.128566856704168777e-05 1.114565587071923354e-05 2.906901068981763495e-05 1.039191002037978746e-06 8.047486618956248508e-06 6.150526945587874025e-05 3.707899643312976429e-07 7.796881679958028968e-06 1.155828529994956722e-05 2.128566856704168777e-05 1.114565587071923354e-05 2.906901068981763495e-05 1.039191002037978746e-06 8.047486618956248508e-06 6.150526945587874025e-05 3.707899643312976429e-07
1.640000000000000000e+04 7.596272618729796811e-06 1.102017918758335832e-05 2.109595862021223633e-05 1.135334922914541519e-05 2.817180311477969834e-05 1.007294913406458021e-06 7.590247650668337405e-06 6.132750781231553099e-05 3.886100368279619560e-07 7.596272618729796811e-06 1.102017918758335832e-05 2.109595862021223633e-05 1.135334922914541519e-05 2.817180311477969834e-05 1.007294913406458021e-06 7.590247650668337405e-06 6.132750781231553099e-05 3.886100368279619560e-07
1.660000000000000000e+04 7.245559271377946829e-06 1.055871511479943626e-05 2.079987024398778129e-05 1.091421420021489511e-05 2.752305204480372253e-05 1.028777873128544335e-06 7.339095824334375420e-06 6.168848531430126138e-05 3.565930742088366872e-07 7.245559271377946829e-06 1.055871511479943626e-05 2.079987024398778129e-05 1.091421420021489511e-05 2.752305204480372253e-05 1.028777873128544335e-06 7.339095824334375420e-06 6.168848531430126138e-05 3.565930742088366872e-07
1.680000000000000000e+04 7.001308118729326079e-06 1.025670926370466600e-05 2.109527747954021009e-05 1.079605342009896466e-05 2.643403039427289497e-05 1.009658402050966743e-06 6.950259756826710399e-06 6.166401452231853972e-05 3.094807795101529186e-07 7.001308118729326079e-06 1.025670926370466600e-05 2.109527747954021009e-05 1.079605342009896466e-05 2.643403039427289497e-05 1.009658402050966743e-06 6.950259756826710399e-06 6.166401452231853972e-05 3.094807795101529186e-07
1.700000000000000000e+04 6.911663571892690063e-06 9.904295236821945801e-06 2.084679285248992634e-05 1.116854865757516977e-05 2.615986106641699521e-05 9.991570654072645606e-07 6.379819419927071339e-06 6.111884999223022620e-05 3.576123329415808555e-07 6.911663571892690063e-06 9.904295236821945801e-06 2.084679285248992634e-05 1.116854865757516977e-05 2.615986106641699521e-05 9.991570654072645606e-07 6.379819419927071339e-06 6.111884999223022620e-05 3.576123329415808555e-07
1.720000000000000000e+04 6.914866015301216486e-06 9.273761176858679470e-06 2.056791326932949984e-05 1.084290260653406731e-05 2.616439737313305475e-05 1.055912992034919606e-06 6.184372945288083566e-06 6.058976393374087687e-05 4.069251913477643887e-07 6.914866015301216486e-06 9.273761176858679470e-06 2.056791326932949984e-05 1.084290260653406731e-05 2.616439737313305475e-05 1.055912992034919606e-06 6.184372945288083566e-06 6.058976393374087687e-05 4.069251913477643887e-07
1.740000000000000000e+04 6.819300242883483219e-06 8.759736026981977357e-06 2.042445778096672169e-05 1.067998553112461671e-05 2.551585945039957679e-05 1.058787849614074110e-06 6.029532655254525793e-06 6.052441464837340858e-05 3.963742577035457038e-07 6.819300242883483219e-06 8.759736026981977357e-06 2.042445778096672169e-05 1.067998553112461671e-05 2.551585945039957679e-05 1.058787849614074110e-06 6.029532655254525793e-06 6.052441464837340858e-05 3.963742577035457038e-07
1.760000000000000000e+04 6.617979470084152996e-06 8.319516701587291192e-06 1.994294955168710970e-05 1.077715042743563644e-05 2.493371515717632733e-05 1.014721084094941631e-06 5.879409842516802653e-06 6.048838074696500381e-05 3.944131075678357377e-07 6.617979470084152996e-06 8.319516701587291192e-06 1.994294955168710970e-05 1.077715042743563644e-05 2.493371515717632733e-05 1.014721084094941631e-06 5.879409842516802653e-06 6.048838074696500381e-05 3.944131075678357377e-07
1.777000000000000000e+04 6.494713565344756619e-06 7.722235173798163330e-06 2.030792229989989849e-05 1.025297365507992070e-05 2.436334956661687098e-05 1.011307286148248470e-06 5.531466279286041829e-06 6.075810650748549242e-05 3.947690393601573920e-07 5.482585772641087351e-06 6.687982661879732503e-06 9.833542364522478615e-06 7.489768119914952209e-06 1.949347085846924753e-05 1.011307286148248470e-06 5.531466279286041829e-06 6.075810650748549242e-05 3.947690393601573920e-07
