# step, loss_train, loss_test, metrics_test
0.000000000000000000e+00 4.486071695396706693e-04 1.174969427799080549e-02 0.000000000000000000e+00 4.486071695396706693e-04 1.174969427799080549e-02 0.000000000000000000e+00
1.000000000000000000e+02 3.109860140224983693e-01 -7.641087530581540666e-01 5.879491645682746563e-03 3.109860140224983693e-01 -7.641087530581540666e-01 5.879491645682746563e-03
2.000000000000000000e+02 3.187091773790993177e-01 -7.945168425522470823e-01 3.436121531673194934e-03 3.187091773790993177e-01 -7.945168425522470823e-01 3.436121531673194934e-03
3.000000000000000000e+02 3.273890930410663369e-01 -8.292111274569788915e-01 6.884677737353702906e-03 3.273890930410663369e-01 -8.292111274569788915e-01 6.884677737353702906e-03
4.000000000000000000e+02 3.519647161666246138e-01 -9.188127134608135016e-01 3.121125076916455177e-03 3.519647161666246138e-01 -9.188127134608135016e-01 3.121125076916455177e-03
5.000000000000000000e+02 3.706573602480574547e-01 -9.648885666235602621e-01 5.327115900600918816e-03 3.706573602480574547e-01 -9.648885666235602621e-01 5.327115900600918816e-03
6.000000000000000000e+02 4.021877692261797144e-01 -9.397971143045877884e-01 0.000000000000000000e+00 4.021877692261797144e-01 -9.397971143045877884e-01 0.000000000000000000e+00
7.000000000000000000e+02 4.068133865344031319e-01 -1.030019776553822153e+00 0.000000000000000000e+00 4.068133865344031319e-01 -1.030019776553822153e+00 0.000000000000000000e+00
8.000000000000000000e+02 4.204997164609048932e-01 -1.063986004991404499e+00 1.294043419520492493e-03 4.204997164609048932e-01 -1.063986004991404499e+00 1.294043419520492493e-03
9.000000000000000000e+02 4.242111352229783194e-01 -1.078617770755235572e+00 7.905395743709138501e-03 4.242111352229783194e-01 -1.078617770755235572e+00 7.905395743709138501e-03
1.000000000000000000e+03 4.473167427590482026e-01 -1.100377894418837155e+00 0.000000000000000000e+00 4.473167427590482026e-01 -1.100377894418837155e+00 0.000000000000000000e+00
1.100000000000000000e+03 4.868463252211356340e-01 -1.106209878617114839e+00 0.000000000000000000e+00 4.868463252211356340e-01 -1.106209878617114839e+00 0.000000000000000000e+00
1.200000000000000000e+03 4.666092477203925282e-01 -1.142828347810536993e+00 3.567452108411776554e-03 4.666092477203925282e-01 -1.142828347810536993e+00 3.567452108411776554e-03
1.300000000000000000e+03 4.810773109475553477e-01 -1.155532939042436702e+00 2.676348339990262774e-03 4.810773109475553477e-01 -1.155532939042436702e+00 2.676348339990262774e-03
1.400000000000000000e+03 4.800101050076051035e-01 -1.144496729467062712e+00 0.000000000000000000e+00 4.800101050076051035e-01 -1.144496729467062712e+00 0.000000000000000000e+00
1.500000000000000000e+03 4.968259816242688309e-01 -1.185391696995272470e+00 1.431914101966127225e-03 4.968259816242688309e-01 -1.185391696995272470e+00 1.431914101966127225e-03
1.600000000000000000e+03 5.077216445527695798e-01 -1.199568627196452741e+00 1.281603510348005041e-03 5.077216445527695798e-01 -1.199568627196452741e+00 1.281603510348005041e-03
1.700000000000000000e+03 5.169912005043304504e-01 -1.212785997429409512e+00 2.766152763562108093e-03 5.169912005043304504e-01 -1.212785997429409512e+00 2.766152763562108093e-03
1.800000000000000000e+03 5.294724418599756621e-01 -1.216384828510821858e+00 4.865858411523393817e-05 5.294724418599756621e-01 -1.216384828510821858e+00 4.865858411523393817e-05
1.900000000000000000e+03 5.293824913366831364e-01 -1.225563674188654861e+00 3.943887090326365506e-04 5.293824913366831364e-01 -1.225563674188654861e+00 3.943887090326365506e-04
2.000000000000000000e+03 5.363953355942147061e-01 -1.234143648259896864e+00 9.829258521015984539e-05 5.363953355942147061e-01 -1.234143648259896864e+00 9.829258521015984539e-05
2.100000000000000000e+03 5.231257893392212699e-01 -1.149110415264948282e+00 0.000000000000000000e+00 5.231257893392212699e-01 -1.149110415264948282e+00 0.000000000000000000e+00
2.200000000000000000e+03 5.383786740777418700e-01 -1.237980730876471203e+00 8.983170149909322543e-04 5.383786740777418700e-01 -1.237980730876471203e+00 8.983170149909322543e-04
2.300000000000000000e+03 5.554778673920219845e-01 -1.250713669237256465e+00 0.000000000000000000e+00 5.554778673920219845e-01 -1.250713669237256465e+00 0.000000000000000000e+00
2.400000000000000000e+03 5.531021213853822838e-01 -1.257563239473708627e+00 1.203773172798803040e-03 5.531021213853822838e-01 -1.257563239473708627e+00 1.203773172798803040e-03
2.500000000000000000e+03 5.429269043017845853e-01 -1.251021503309992511e+00 1.420205418958443710e-02 5.429269043017845853e-01 -1.251021503309992511e+00 1.420205418958443710e-02
2.600000000000000000e+03 5.532763680134193951e-01 -1.218388558801537958e+00 0.000000000000000000e+00 5.532763680134193951e-01 -1.218388558801537958e+00 0.000000000000000000e+00
2.700000000000000000e+03 5.591357172196544933e-01 -1.269121497105306418e+00 8.326139336424532092e-03 5.591357172196544933e-01 -1.269121497105306418e+00 8.326139336424532092e-03
2.800000000000000000e+03 5.486502195062363807e-01 -1.254769937742921337e+00 1.691107051251484333e-02 5.486502195062363807e-01 -1.254769937742921337e+00 1.691107051251484333e-02
2.900000000000000000e+03 5.596410533897243633e-01 -1.259803275638417208e+00 0.000000000000000000e+00 5.596410533897243633e-01 -1.259803275638417208e+00 0.000000000000000000e+00
3.000000000000000000e+03 5.610987926633723699e-01 -1.241461980683946198e+00 0.000000000000000000e+00 5.610987926633723699e-01 -1.241461980683946198e+00 0.000000000000000000e+00
3.100000000000000000e+03 5.764008955289211533e-01 -1.285418482499604664e+00 6.986012384302544643e-04 5.764008955289211533e-01 -1.285418482499604664e+00 6.986012384302544643e-04
3.200000000000000000e+03 5.783478088538516193e-01 -1.288405905847549882e+00 9.557065280765477278e-04 5.783478088538516193e-01 -1.288405905847549882e+00 9.557065280765477278e-04
3.300000000000000000e+03 5.812550326538084011e-01 -1.292687727167879386e+00 1.926187887151839398e-03 5.812550326538084011e-01 -1.292687727167879386e+00 1.926187887151839398e-03
3.400000000000000000e+03 5.862635166597172098e-01 -1.289608322674187235e+00 0.000000000000000000e+00 5.862635166597172098e-01 -1.289608322674187235e+00 0.000000000000000000e+00
3.500000000000000000e+03 5.896130749220932499e-01 -1.281797182115026246e+00 0.000000000000000000e+00 5.896130749220932499e-01 -1.281797182115026246e+00 0.000000000000000000e+00
3.600000000000000000e+03 5.864842586536145319e-01 -1.295112088900655101e+00 2.115953810933013347e-04 5.864842586536145319e-01 -1.295112088900655101e+00 2.115953810933013347e-04
3.700000000000000000e+03 5.923695436531702940e-01 -1.305282640406577599e+00 1.745195473672207093e-03 5.923695436531702940e-01 -1.305282640406577599e+00 1.745195473672207093e-03
3.800000000000000000e+03 5.951474210656140240e-01 -1.302874641757245655e+00 0.000000000000000000e+00 5.951474210656140240e-01 -1.302874641757245655e+00 0.000000000000000000e+00
3.900000000000000000e+03 5.806535323785303460e-01 -1.289514663032391928e+00 1.543663904057834910e-03 5.806535323785303460e-01 -1.289514663032391928e+00 1.543663904057834910e-03
4.000000000000000000e+03 5.960816788865511695e-01 -1.303682145752067090e+00 1.888836486050129689e-03 5.960816788865511695e-01 -1.303682145752067090e+00 1.888836486050129689e-03
4.100000000000000000e+03 6.017191667342077777e-01 -1.298443488394488643e+00 0.000000000000000000e+00 6.017191667342077777e-01 -1.298443488394488643e+00 0.000000000000000000e+00
4.200000000000000000e+03 6.103314812564171188e-01 -1.319646112973580809e+00 0.000000000000000000e+00 6.103314812564171188e-01 -1.319646112973580809e+00 0.000000000000000000e+00
4.300000000000000000e+03 6.056105779741598472e-01 -1.313422520888127831e+00 3.697822761998914402e-03 6.056105779741598472e-01 -1.313422520888127831e+00 3.697822761998914402e-03
4.400000000000000000e+03 6.179100944184368061e-01 -1.305846531952863376e+00 0.000000000000000000e+00 6.179100944184368061e-01 -1.305846531952863376e+00 0.000000000000000000e+00
4.500000000000000000e+03 5.960371868198133249e-01 -1.305332764827781933e+00 2.893693696285748863e-05 5.960371868198133249e-01 -1.305332764827781933e+00 2.893693696285748863e-05
4.600000000000000000e+03 6.086992304806846388e-01 -1.323006683983068976e+00 1.035535163312652218e-03 6.086992304806846388e-01 -1.323006683983068976e+00 1.035535163312652218e-03
4.700000000000000000e+03 6.108612071354864170e-01 -1.325496165493439182e+00 1.018062376752458791e-03 6.108612071354864170e-01 -1.325496165493439182e+00 1.018062376752458791e-03
4.800000000000000000e+03 6.132012964467246086e-01 -1.327658580192158322e+00 6.550417789725268688e-04 6.132012964467246086e-01 -1.327658580192158322e+00 6.550417789725268688e-04
4.900000000000000000e+03 6.154640254354568629e-01 -1.329838834040198758e+00 4.698034440741783910e-04 6.154640254354568629e-01 -1.329838834040198758e+00 4.698034440741783910e-04
5.000000000000000000e+03 6.193398703391026494e-01 -1.311198240554467098e+00 0.000000000000000000e+00 6.193398703391026494e-01 -1.311198240554467098e+00 0.000000000000000000e+00
5.000000000000000000e+03 6.193398703391026494e-01 -1.311198240554467098e+00 0.000000000000000000e+00 6.193398703391026494e-01 -1.311198240554467098e+00 0.000000000000000000e+00
5.200000000000000000e+03 6.617467455547056954e-01 -1.379304342629332769e+00 8.390433302269712391e-04 6.617467455547056954e-01 -1.379304342629332769e+00 8.390433302269712391e-04
5.400000000000000000e+03 6.641768001398795640e-01 -1.382331746816997331e+00 8.292334721731577443e-04 6.641768001398795640e-01 -1.382331746816997331e+00 8.292334721731577443e-04
5.600000000000000000e+03 6.653314385978215117e-01 -1.383567740871663787e+00 7.546423692668020617e-04 6.653314385978215117e-01 -1.383567740871663787e+00 7.546423692668020617e-04
5.800000000000000000e+03 6.643543647857625967e-01 -1.382676572060422160e+00 7.693555945031594788e-04 6.643543647857625967e-01 -1.382676572060422160e+00 7.693555945031594788e-04
6.000000000000000000e+03 6.654526151101870513e-01 -1.383807542784365463e+00 7.514326372727382804e-04 6.654526151101870513e-01 -1.383807542784365463e+00 7.514326372727382804e-04
6.116000000000000000e+03 6.651195172855781657e-01 -1.383486967863153838e+00 7.509086608665627551e-04 6.651195172855781657e-01 -1.383486967863153838e+00 7.509086608665627551e-04
