# step, loss_train, loss_test, metrics_test
0.000000000000000000e+00 4.554848933445874298e-02 1.142987544892419272e-01 6.559525931874823912e-02 1.954017532335747265e-01 5.800287205689902935e-03 1.233485183889659539e-02 2.828272796085202698e-02 0.000000000000000000e+00 0.000000000000000000e+00 9.027258613061421385e-06 3.390755743703815128e-05 4.542823111293044919e-02 1.144296628621622181e-01 6.539288780700150405e-02 1.952113189880693711e-01 5.795971955572271073e-03 1.233485183889659539e-02 2.828272796085202698e-02 0.000000000000000000e+00 0.000000000000000000e+00 9.027258613061421385e-06 3.390755743703815128e-05
1.000000000000000000e+02 4.811801739613247265e-04 2.025803258618837435e-02 2.171993754823868671e-05 1.369378016294088020e-04 1.356074183272633371e-04 2.903530310458259339e-05 6.639780324072838691e-02 0.000000000000000000e+00 0.000000000000000000e+00 3.530035496776623904e-04 1.086328313774012074e-04 4.705321653447499500e-04 2.024680580575155542e-02 2.094604287609975419e-05 1.323622988548158309e-04 1.328180912242385187e-04 2.903530310458259339e-05 6.639780324072838691e-02 0.000000000000000000e+00 0.000000000000000000e+00 3.530035496776623904e-04 1.086328313774012074e-04
2.000000000000000000e+02 2.821414504877210955e-04 2.025879461023584807e-02 4.917958958992009661e-05 1.459884629963914961e-04 1.973503087681988339e-04 6.210513460180016731e-05 6.589022552912979225e-02 0.000000000000000000e+00 0.000000000000000000e+00 3.744933235979824426e-04 8.346529566533290271e-05 2.741158330415613647e-04 2.025377182980415622e-02 4.754120134357955614e-05 1.411188529229934088e-04 1.935690670001120179e-04 6.210513460180016731e-05 6.589022552912979225e-02 0.000000000000000000e+00 0.000000000000000000e+00 3.744933235979824426e-04 8.346529566533290271e-05
3.000000000000000000e+02 1.726697887693244289e-04 1.992736980557131138e-02 9.420677206780789183e-05 1.703418826166099942e-04 3.121564202872689200e-04 1.364736785851732883e-04 6.545722756165431311e-02 0.000000000000000000e+00 0.000000000000000000e+00 4.066516933877206198e-04 6.146401763069523651e-05 1.658074890718956595e-04 1.993469980260976354e-02 9.136762272236697961e-05 1.647982277281449521e-04 3.065021003969340394e-04 1.364736785851732883e-04 6.545722756165431311e-02 0.000000000000000000e+00 0.000000000000000000e+00 4.066516933877206198e-04 6.146401763069523651e-05
4.000000000000000000e+02 1.781590574894904356e-04 1.963774483909750887e-02 9.733229970420453772e-05 1.735112940818660634e-04 3.123669836075325108e-04 1.813416354960661273e-04 6.504609607623564049e-02 0.000000000000000000e+00 0.000000000000000000e+00 4.526846518281995614e-04 4.316990931527299431e-05 1.706553210253384178e-04 1.966646752688153837e-02 9.461328518511450704e-05 1.677431606920587904e-04 3.064080291763907255e-04 1.813416354960661273e-04 6.504609607623564049e-02 0.000000000000000000e+00 0.000000000000000000e+00 4.526846518281995614e-04 4.316990931527299431e-05
5.000000000000000000e+02 2.017624122110479260e-04 1.930274282287523444e-02 8.140306303113360948e-05 1.550766126881975167e-04 2.427091204877948410e-04 2.135556202322623433e-04 6.457048181197622139e-02 2.942818531935523857e-07 0.000000000000000000e+00 5.365971901222096278e-04 4.135000045602187340e-05 1.927436987225994132e-04 1.936095413823584951e-02 7.938254414926330710e-05 1.493013150555512134e-04 2.370599161551866754e-04 2.135556202322623433e-04 6.457048181197622139e-02 2.942818531935523857e-07 0.000000000000000000e+00 5.365971901222096278e-04 4.135000045602187340e-05
6.000000000000000000e+02 2.413675454319064086e-04 1.891793852989704164e-02 6.405945063159388005e-05 1.339092809130605622e-04 1.792379145543923191e-04 2.303075081556349641e-04 6.419034399288672810e-02 3.155937957265400068e-07 0.000000000000000000e+00 6.341281117149813115e-04 4.416330677416922248e-05 2.300714515833617827e-04 1.900072560378083392e-02 6.251941391532855516e-05 1.278099369170837877e-04 1.735584281491587394e-04 2.303075081556349641e-04 6.419034399288672810e-02 3.155937957265400068e-07 0.000000000000000000e+00 6.341281117149813115e-04 4.416330677416922248e-05
7.000000000000000000e+02 2.456405003762519748e-04 1.860984229800847697e-02 3.451924941369213199e-05 1.408299695973841284e-04 1.659751185727181410e-04 2.045243515425706430e-04 6.408180601199922610e-02 3.157963453008988047e-07 0.000000000000000000e+00 6.830608083994828619e-04 4.564357695844323032e-05 2.338658594066705683e-04 1.869380562237189444e-02 3.366946797217071141e-05 1.339524282269749652e-04 1.598675731675542233e-04 2.045243515425706430e-04 6.408180601199922610e-02 3.157963453008988047e-07 0.000000000000000000e+00 6.830608083994828619e-04 4.564357695844323032e-05
8.000000000000000000e+02 2.172051937614978318e-04 1.504889115746920435e-02 5.475925272024572115e-04 9.037861835523765958e-04 1.811647490948073045e-04 1.984447287852251877e-04 6.770653895946091017e-02 0.000000000000000000e+00 0.000000000000000000e+00 7.300367287930280844e-04 5.959622644034570524e-05 2.058321990028602014e-04 1.510691901663253379e-02 5.489339823396035796e-04 8.949780551878011017e-04 1.747059950880389752e-04 1.984447287852251877e-04 6.770653895946091017e-02 0.000000000000000000e+00 0.000000000000000000e+00 7.300367287930280844e-04 5.959622644034570524e-05
9.000000000000000000e+02 2.060954386635803926e-04 1.821832222882192182e-02 1.347785494453623389e-05 1.663278802126244083e-04 1.555105092487361234e-04 1.587837594823671746e-04 6.400985830181162017e-02 3.044537414302519418e-07 0.000000000000000000e+00 7.195257068038330654e-04 4.727041318542613344e-05 1.954715985660045814e-04 1.828531286362781658e-02 1.305781354601373925e-05 1.584915010358272996e-04 1.492193550066905168e-04 1.587837594823671746e-04 6.400985830181162017e-02 3.044537414302519418e-07 0.000000000000000000e+00 7.195257068038330654e-04 4.727041318542613344e-05
1.000000000000000000e+03 2.118784105114594404e-04 3.426855712772100548e-02 5.925804707939098196e-04 4.362006162515769266e-04 1.372082691336723437e-04 2.581340774793508758e-04 5.174995907455459676e-02 9.700114447867903933e-06 0.000000000000000000e+00 5.387958909207651208e-04 3.488679223097845546e-05 2.018850937881362293e-04 3.437734673175613098e-02 5.917814785026273778e-04 4.268697194598829138e-04 1.320972660171304352e-04 2.581340774793508758e-04 5.174995907455459676e-02 9.700114447867903933e-06 0.000000000000000000e+00 5.387958909207651208e-04 3.488679223097845546e-05
1.100000000000000000e+03 2.282755249824950901e-04 1.780071632366125867e-02 2.176843481872115169e-05 1.990376961127964190e-04 1.370323235000902803e-04 1.131423316532260227e-04 6.395359567634371911e-02 3.065680829769607098e-07 0.000000000000000000e+00 7.162719264922058583e-04 4.890970711241429214e-05 2.166327243247339761e-04 1.784855091622888912e-02 2.060021852142436381e-05 1.904477311050696336e-04 1.316077992128009762e-04 1.131423316532260227e-04 6.395359567634371911e-02 3.065680829769607098e-07 0.000000000000000000e+00 7.162719264922058583e-04 4.890970711241429214e-05
1.200000000000000000e+03 2.274410758855114636e-04 1.775352163973796873e-02 3.331575373441552100e-05 2.117747065074971138e-04 1.400005066645137173e-04 1.077159705270987585e-04 6.382892584586072338e-02 6.534239028002413156e-07 0.000000000000000000e+00 7.104927335010046861e-04 4.944299737983521415e-05 2.159234347903657111e-04 1.779681054857372088e-02 3.171566818548370617e-05 2.026511029540307258e-04 1.349827929393181993e-04 1.077159705270987585e-04 6.382892584586072338e-02 6.534239028002413156e-07 0.000000000000000000e+00 7.104927335010046861e-04 4.944299737983521415e-05
1.300000000000000000e+03 2.207013319327386330e-04 1.631865193779465095e-02 5.466517172815685402e-05 2.449797757644234979e-04 1.457733684573230036e-04 1.053093796850339330e-04 6.513749418630825072e-02 0.000000000000000000e+00 0.000000000000000000e+00 7.253077539466679146e-04 5.568671042100076273e-05 2.092360415625569583e-04 1.635741965828174313e-02 5.207517133520220943e-05 2.353693404971262380e-04 1.408866291268113895e-04 1.053093796850339330e-04 6.513749418630825072e-02 0.000000000000000000e+00 0.000000000000000000e+00 7.253077539466679146e-04 5.568671042100076273e-05
1.400000000000000000e+03 2.251436217208836201e-04 1.783827268087085152e-02 5.077288124730780749e-05 2.167261068778191880e-04 1.542906998503976743e-04 9.655120313856296855e-05 6.348065221639968836e-02 2.578635415975590213e-07 0.000000000000000000e+00 6.911449976447789443e-04 5.018915086500497425e-05 2.137756937214625502e-04 1.788068008711522772e-02 4.874057244824399684e-05 2.077569159863235961e-04 1.498107821718768862e-04 9.655120313856296855e-05 6.348065221639968836e-02 2.578635415975590213e-07 0.000000000000000000e+00 6.911449976447789443e-04 5.018915086500497425e-05
1.500000000000000000e+03 2.173943131233425886e-04 1.723439014899767752e-02 6.141001903772125216e-05 2.119839180005297116e-04 1.621011773631493124e-04 9.065125327455833223e-05 6.396193442140207797e-02 0.000000000000000000e+00 0.000000000000000000e+00 6.855646899173973522e-04 5.197117333547072678e-05 2.059764045212356760e-04 1.727605811536976621e-02 5.869713097370477249e-05 2.025221553379482980e-04 1.578724470315713286e-04 9.065125327455833223e-05 6.396193442140207797e-02 0.000000000000000000e+00 0.000000000000000000e+00 6.855646899173973522e-04 5.197117333547072678e-05
1.600000000000000000e+03 2.187506162590213297e-04 1.837247247863976751e-02 1.166987929716746514e-04 3.360421582008075894e-04 1.711894649473427287e-04 7.061768847399511786e-05 6.275265754786832351e-02 0.000000000000000000e+00 0.000000000000000000e+00 6.682418789292277669e-04 5.162207863455276879e-05 2.074849344060385138e-04 1.841840666024030862e-02 1.155354967942534783e-04 3.287539167680100186e-04 1.669919356326210632e-04 7.061768847399511786e-05 6.275265754786832351e-02 0.000000000000000000e+00 0.000000000000000000e+00 6.682418789292277669e-04 5.162207863455276879e-05
1.700000000000000000e+03 2.002593688546022385e-04 1.674131880037461884e-02 1.526456165606992783e-04 3.417945630621042397e-04 1.791545834218093711e-04 8.090717092480672788e-05 6.422291463718877991e-02 0.000000000000000000e+00 0.000000000000000000e+00 6.655857491792458802e-04 5.606823171592265986e-05 1.888978138517006492e-04 1.678706359061123490e-02 1.487928169838881689e-04 3.311024999531235534e-04 1.748388505891460421e-04 8.090717092480672788e-05 6.422291463718877991e-02 0.000000000000000000e+00 0.000000000000000000e+00 6.655857491792458802e-04 5.606823171592265986e-05
1.800000000000000000e+03 1.902631526465846672e-04 1.537843419066605745e-02 8.379415435099199375e-05 2.500253531522406516e-04 1.945186971696829560e-04 5.179135647599339681e-05 6.550943979899832847e-02 1.680581959324597151e-06 0.000000000000000000e+00 6.739439995618041850e-04 5.351136215668947398e-05 1.788695222206861124e-04 1.542019795212874050e-02 8.075293153026678449e-05 2.395609793709717892e-04 1.903844505097883409e-04 5.179135647599339681e-05 6.550943979899832847e-02 1.680581959324597151e-06 0.000000000000000000e+00 6.739439995618041850e-04 5.351136215668947398e-05
1.900000000000000000e+03 1.694904570813446213e-04 1.646391003472611608e-02 2.259898449522902177e-04 3.331273773391066405e-04 2.022895557197993072e-04 3.326501582100865466e-05 6.426899049803051767e-02 0.000000000000000000e+00 0.000000000000000000e+00 6.735800685459974492e-04 5.927839563870914899e-05 1.593213348511685230e-04 1.651013708087766332e-02 2.257280586269870993e-04 3.262139057499679768e-04 1.980634030184913864e-04 3.326501582100865466e-05 6.426899049803051767e-02 0.000000000000000000e+00 0.000000000000000000e+00 6.735800685459974492e-04 5.927839563870914899e-05
2.000000000000000000e+03 1.407074156881626904e-04 1.698437387584954619e-02 8.581741518042323926e-05 2.083645825837886374e-04 2.198705375857612466e-04 2.668851511576885628e-05 6.361792616484787666e-02 6.867191945393339210e-08 0.000000000000000000e+00 6.430160789644372545e-04 5.356279870577847636e-05 1.310271426068128104e-04 1.703245551828788673e-02 8.385965638835700918e-05 1.998051238810122214e-04 2.153765005389573746e-04 2.668851511576885628e-05 6.361792616484787666e-02 6.867191945393339210e-08 0.000000000000000000e+00 6.430160789644372545e-04 5.356279870577847636e-05
2.000000000000000000e+03 1.407074156881626904e-04 1.698437387584954619e-02 8.581741518042323926e-05 2.083645825837886374e-04 2.198705375857612466e-04 2.668851511576885628e-05 6.361792616484787666e-02 6.867191945335432597e-08 0.000000000000000000e+00 6.430160789644372545e-04 5.356279870577884905e-05 1.310271426068128104e-04 1.703245551828788673e-02 8.385965638835700918e-05 1.998051238810122214e-04 2.153765005389573746e-04 2.668851511576885628e-05 6.361792616484787666e-02 6.867191945393339210e-08 0.000000000000000000e+00 6.430160789644372545e-04 5.356279870577847636e-05
2.200000000000000000e+03 2.192335144348938735e-04 1.495871673262181081e-02 2.721976428920934118e-04 1.481967413733530558e-03 1.486599391672276766e-03 2.796791980467185816e-04 5.463171497372720092e-02 0.000000000000000000e+00 0.000000000000000000e+00 2.496922805093941978e-03 1.046179019626545669e-04 2.192335144348938735e-04 1.495871673262181081e-02 2.721976428920934118e-04 1.481967413733530558e-03 1.486599391672276766e-03 2.796791980467185816e-04 5.463171497372720092e-02 0.000000000000000000e+00 0.000000000000000000e+00 2.496922805093941978e-03 1.046179019626545669e-04
2.400000000000000000e+03 7.007294276271910146e-04 1.257559981334045209e-02 1.277063019558697049e-03 2.636932931375485234e-03 2.033381051559200823e-03 7.175399089194777705e-04 4.643957573416441359e-02 2.235266883454119615e-05 0.000000000000000000e+00 1.646082384804017310e-03 1.317337832386111557e-04 7.007294276271910146e-04 1.257559981334045209e-02 1.277063019558697049e-03 2.636932931375485234e-03 2.033381051559200823e-03 7.175399089194777705e-04 4.643957573416441359e-02 2.235266883454119615e-05 0.000000000000000000e+00 1.646082384804017310e-03 1.317337832386111557e-04
2.600000000000000000e+03 1.655419160985177650e-03 6.265208354826620751e-03 1.310723512286777418e-03 3.907655967066978042e-03 4.195315410579189379e-03 1.536731411747016259e-04 2.359720862202482547e-02 1.095620290175937400e-05 0.000000000000000000e+00 2.976030320172263978e-04 1.980376728643311215e-04 1.655419160985177650e-03 6.265208354826620751e-03 1.310723512286777418e-03 3.907655967066978042e-03 4.195315410579189379e-03 1.536731411747016259e-04 2.359720862202482547e-02 1.095620290175937400e-05 0.000000000000000000e+00 2.976030320172263978e-04 1.980376728643311215e-04
2.800000000000000000e+03 1.637754879638357109e-03 3.021722673853033392e-03 1.456297748365131426e-03 1.866617466161620475e-03 3.050980560383992259e-03 5.338593723751525492e-04 9.513766879639310933e-03 1.295708846562914810e-05 0.000000000000000000e+00 1.640944719213128101e-04 1.360285568954202739e-04 1.637754879638357109e-03 3.021722673853033392e-03 1.456297748365131426e-03 1.866617466161620475e-03 3.050980560383992259e-03 5.338593723751525492e-04 9.513766879639310933e-03 1.295708846562914810e-05 0.000000000000000000e+00 1.640944719213128101e-04 1.360285568954202739e-04
3.000000000000000000e+03 9.160286319967952213e-04 1.238277121270693658e-03 1.196779622166162802e-03 1.106216505236655174e-03 1.547030620793714848e-03 7.757005501152910922e-05 2.832818801356601704e-03 5.340074247822831720e-06 0.000000000000000000e+00 1.636499633816752744e-04 3.440372175010240132e-05 9.160286319967952213e-04 1.238277121270693658e-03 1.196779622166162802e-03 1.106216505236655174e-03 1.547030620793714848e-03 7.757005501152910922e-05 2.832818801356601704e-03 5.340074247822831720e-06 0.000000000000000000e+00 1.636499633816752744e-04 3.440372175010240132e-05
3.200000000000000000e+03 6.665695970870268421e-04 5.877940041138199519e-04 8.072085274384098019e-04 6.979632506506414221e-04 6.824408465134533877e-04 5.695841632992067850e-05 1.090724243956760989e-03 4.144150159289128134e-07 0.000000000000000000e+00 1.011608619413337511e-04 6.361680821763639377e-06 6.665695970870268421e-04 5.877940041138199519e-04 8.072085274384098019e-04 6.979632506506414221e-04 6.824408465134533877e-04 5.695841632992067850e-05 1.090724243956760989e-03 4.144150159289128134e-07 0.000000000000000000e+00 1.011608619413337511e-04 6.361680821763639377e-06
3.400000000000000000e+03 4.272810557936948636e-04 3.822618353288497156e-04 3.939075742301957096e-04 4.623095155414493691e-04 6.316825346771498323e-04 3.236715514472461277e-05 5.652718564770932430e-04 0.000000000000000000e+00 0.000000000000000000e+00 4.676017111907236872e-05 6.765005815249040443e-06 4.272810557936948636e-04 3.822618353288497156e-04 3.939075742301957096e-04 4.623095155414493691e-04 6.316825346771498323e-04 3.236715514472461277e-05 5.652718564770932430e-04 0.000000000000000000e+00 0.000000000000000000e+00 4.676017111907236872e-05 6.765005815249040443e-06
3.600000000000000000e+03 2.708607282109400539e-04 2.270862655530727638e-04 3.226987994528603089e-04 3.355319625498950648e-04 4.194085856070794505e-04 2.541084860643844819e-05 3.078514318719980606e-04 3.549413840572488470e-06 0.000000000000000000e+00 2.760761242165029664e-05 2.071183379652554566e-05 2.708607282109400539e-04 2.270862655530727638e-04 3.226987994528603089e-04 3.355319625498950648e-04 4.194085856070794505e-04 2.541084860643844819e-05 3.078514318719980606e-04 3.549413840572488470e-06 0.000000000000000000e+00 2.760761242165029664e-05 2.071183379652554566e-05
3.800000000000000000e+03 2.039117512514184479e-04 2.042978858501749652e-04 2.562626937392170536e-04 2.180678408027717917e-04 2.588578807534023716e-04 1.767345342335316995e-05 2.823950974066594620e-04 5.560446246023292128e-06 0.000000000000000000e+00 2.730560794594466477e-05 1.816573508429737314e-05 2.039117512514184479e-04 2.042978858501749652e-04 2.562626937392170536e-04 2.180678408027717917e-04 2.588578807534023716e-04 1.767345342335316995e-05 2.823950974066594620e-04 5.560446246023292128e-06 0.000000000000000000e+00 2.730560794594466477e-05 1.816573508429737314e-05
4.000000000000000000e+03 1.893203643571289780e-04 1.829990506641171759e-04 2.561837538860826805e-04 1.641876887605308059e-04 1.804331806074593251e-04 9.938794042579826893e-06 1.915751711454040092e-04 8.516317450907755552e-06 0.000000000000000000e+00 2.109513402018395862e-05 2.678801497954208353e-05 1.893203643571289780e-04 1.829990506641171759e-04 2.561837538860826805e-04 1.641876887605308059e-04 1.804331806074593251e-04 9.938794042579826893e-06 1.915751711454040092e-04 8.516317450907755552e-06 0.000000000000000000e+00 2.109513402018395862e-05 2.678801497954208353e-05
4.200000000000000000e+03 1.396635988143534574e-04 1.382070261134376113e-04 2.181691361030253253e-04 1.559683465421656586e-04 1.259024313013967799e-04 6.912031047718914689e-06 1.568475997665275644e-04 1.318699180140280940e-05 0.000000000000000000e+00 1.627835678954694498e-05 4.165812328209030611e-05 1.396635988143534574e-04 1.382070261134376113e-04 2.181691361030253253e-04 1.559683465421656586e-04 1.259024313013967799e-04 6.912031047718914689e-06 1.568475997665275644e-04 1.318699180140280940e-05 0.000000000000000000e+00 1.627835678954694498e-05 4.165812328209030611e-05
4.400000000000000000e+03 1.124027062948462839e-04 1.104063082800824103e-04 1.963729486732012708e-04 1.205370257378783828e-04 1.271901589010702874e-04 6.168896463186109984e-06 1.428602296442697166e-04 1.336381041790474961e-05 0.000000000000000000e+00 1.393899530653311025e-05 3.840948092405730292e-05 1.124027062948462839e-04 1.104063082800824103e-04 1.963729486732012708e-04 1.205370257378783828e-04 1.271901589010702874e-04 6.168896463186109984e-06 1.428602296442697166e-04 1.336381041790474961e-05 0.000000000000000000e+00 1.393899530653311025e-05 3.840948092405730292e-05
4.600000000000000000e+03 9.594822883543235729e-05 9.019129667331222315e-05 1.695214500210942608e-04 9.382500850326255099e-05 1.092764622098347800e-04 9.781018685186099014e-06 1.285307722065415399e-04 1.516079972080952846e-05 0.000000000000000000e+00 1.369226313326675287e-05 4.858275863801152493e-05 9.594822883543235729e-05 9.019129667331222315e-05 1.695214500210942608e-04 9.382500850326255099e-05 1.092764622098347800e-04 9.781018685186099014e-06 1.285307722065415399e-04 1.516079972080952846e-05 0.000000000000000000e+00 1.369226313326675287e-05 4.858275863801152493e-05
4.800000000000000000e+03 7.579926320244681373e-05 7.621120352182830261e-05 1.404097053478926729e-04 8.000778434275721451e-05 9.987677496180337846e-05 7.032181314910554453e-06 1.350090727909125741e-04 1.588515019532014101e-05 0.000000000000000000e+00 1.483404717250217724e-05 4.128567455221324238e-05 7.579926320244681373e-05 7.621120352182830261e-05 1.404097053478926729e-04 8.000778434275721451e-05 9.987677496180337846e-05 7.032181314910554453e-06 1.350090727909125741e-04 1.588515019532014101e-05 0.000000000000000000e+00 1.483404717250217724e-05 4.128567455221324238e-05
5.000000000000000000e+03 5.926560703792588974e-05 7.151931003958512814e-05 1.339990926327537513e-04 5.936927917653777692e-05 9.031165620778370509e-05 3.933320905554570278e-06 1.232757548540479764e-04 1.242306588172990938e-05 0.000000000000000000e+00 1.260321678532600445e-05 4.467382704707612570e-05 5.926560703792588974e-05 7.151931003958512814e-05 1.339990926327537513e-04 5.936927917653777692e-05 9.031165620778370509e-05 3.933320905554570278e-06 1.232757548540479764e-04 1.242306588172990938e-05 0.000000000000000000e+00 1.260321678532600445e-05 4.467382704707612570e-05
5.200000000000000000e+03 5.009319287848959084e-05 5.475351775514024355e-05 1.312240425475920391e-04 5.251499739933276781e-05 8.370802600872324331e-05 2.750058465562189465e-06 1.011241755944781561e-04 1.520641866821696681e-05 0.000000000000000000e+00 1.168622758102059562e-05 4.418747348394878752e-05 5.009319287848959084e-05 5.475351775514024355e-05 1.312240425475920391e-04 5.251499739933276781e-05 8.370802600872324331e-05 2.750058465562189465e-06 1.011241755944781561e-04 1.520641866821696681e-05 0.000000000000000000e+00 1.168622758102059562e-05 4.418747348394878752e-05
5.400000000000000000e+03 4.592206630929985303e-05 4.539825340767176702e-05 1.249022952171614581e-04 5.096812794103357849e-05 7.813427721458155221e-05 1.594814422772931301e-06 9.044440591608907478e-05 1.332099489484705616e-05 0.000000000000000000e+00 1.202091830218577134e-05 3.965950215886430302e-05 4.592206630929985303e-05 4.539825340767176702e-05 1.249022952171614581e-04 5.096812794103357849e-05 7.813427721458155221e-05 1.594814422772931301e-06 9.044440591608907478e-05 1.332099489484705616e-05 0.000000000000000000e+00 1.202091830218577134e-05 3.965950215886430302e-05
5.600000000000000000e+03 4.087215691053188116e-05 4.446251297158136580e-05 1.096147936749787772e-04 4.186084464047026599e-05 7.650294669724782334e-05 1.813437920370307548e-06 9.056817714556406388e-05 1.216908980518121365e-05 0.000000000000000000e+00 1.027597203606205464e-05 3.625074638086339186e-05 4.087215691053188116e-05 4.446251297158136580e-05 1.096147936749787772e-04 4.186084464047026599e-05 7.650294669724782334e-05 1.813437920370307548e-06 9.056817714556406388e-05 1.216908980518121365e-05 0.000000000000000000e+00 1.027597203606205464e-05 3.625074638086339186e-05
5.800000000000000000e+03 3.678500642913349206e-05 4.352498075228206586e-05 9.167055994462756572e-05 4.027621313570635495e-05 6.918726944392981448e-05 1.544198321753793170e-06 8.765416556385998304e-05 1.171137722042600099e-05 0.000000000000000000e+00 8.660921038019093638e-06 3.803264608242486915e-05 3.678500642913349206e-05 4.352498075228206586e-05 9.167055994462756572e-05 4.027621313570635495e-05 6.918726944392981448e-05 1.544198321753793170e-06 8.765416556385998304e-05 1.171137722042600099e-05 0.000000000000000000e+00 8.660921038019093638e-06 3.803264608242486915e-05
6.000000000000000000e+03 3.336959951416851165e-05 4.304165951198991820e-05 8.181793624616183513e-05 3.780402203134651361e-05 6.213749518309822544e-05 1.673881647979987259e-06 8.292455129051003561e-05 1.294268273164948868e-05 0.000000000000000000e+00 7.847115678241765356e-06 3.617256727038706184e-05 3.336959951416851165e-05 4.304165951198991820e-05 8.181793624616183513e-05 3.780402203134651361e-05 6.213749518309822544e-05 1.673881647979987259e-06 8.292455129051003561e-05 1.294268273164948868e-05 0.000000000000000000e+00 7.847115678241765356e-06 3.617256727038706184e-05
6.200000000000000000e+03 3.297145424097512909e-05 3.994537380415957324e-05 7.129246289700645958e-05 3.413713882937443071e-05 6.380123804682459685e-05 1.923745400181850609e-06 8.374366840879277941e-05 9.883893111963955292e-06 0.000000000000000000e+00 6.982411618383689679e-06 3.016845545892137795e-05 3.297145424097512909e-05 3.994537380415957324e-05 7.129246289700645958e-05 3.413713882937443071e-05 6.380123804682459685e-05 1.923745400181850609e-06 8.374366840879277941e-05 9.883893111963955292e-06 0.000000000000000000e+00 6.982411618383689679e-06 3.016845545892137795e-05
6.400000000000000000e+03 3.081993069371074254e-05 3.403517700867609013e-05 7.091915203136020117e-05 3.437148894464957266e-05 5.698295332054999440e-05 1.424718781098879596e-06 7.953383517686391814e-05 9.760317353771719983e-06 0.000000000000000000e+00 6.445534650065577787e-06 2.894586746201706522e-05 3.081993069371074254e-05 3.403517700867609013e-05 7.091915203136020117e-05 3.437148894464957266e-05 5.698295332054999440e-05 1.424718781098879596e-06 7.953383517686391814e-05 9.760317353771719983e-06 0.000000000000000000e+00 6.445534650065577787e-06 2.894586746201706522e-05
6.600000000000000000e+03 2.944449172064980168e-05 3.096960537386280875e-05 6.308309992062849901e-05 3.509701606375305625e-05 5.615186387687944638e-05 1.693065504011606418e-06 7.692464876318360744e-05 9.050574014073640384e-06 0.000000000000000000e+00 6.038441602614439817e-06 2.552463227310658388e-05 2.944449172064980168e-05 3.096960537386280875e-05 6.308309992062849901e-05 3.509701606375305625e-05 5.615186387687944638e-05 1.693065504011606418e-06 7.692464876318360744e-05 9.050574014073640384e-06 0.000000000000000000e+00 6.038441602614439817e-06 2.552463227310658388e-05
6.800000000000000000e+03 2.734262627132656663e-05 2.914967208487049887e-05 6.369715943115876922e-05 3.126445690127439429e-05 5.411668880820184353e-05 1.445955793960243398e-06 7.288621796028148952e-05 7.801209327134278870e-06 0.000000000000000000e+00 5.426805714732047004e-06 2.303480571997056019e-05 2.734262627132656663e-05 2.914967208487049887e-05 6.369715943115876922e-05 3.126445690127439429e-05 5.411668880820184353e-05 1.445955793960243398e-06 7.288621796028148952e-05 7.801209327134278870e-06 0.000000000000000000e+00 5.426805714732047004e-06 2.303480571997056019e-05
7.000000000000000000e+03 2.608160760242097254e-05 2.792221809366296630e-05 6.025743920645623420e-05 3.169184873582148372e-05 5.154576724862691125e-05 1.478854157422157385e-06 6.650288564776914656e-05 8.112999405734305078e-06 0.000000000000000000e+00 4.941276119529073617e-06 2.155635330975153667e-05 2.608160760242097254e-05 2.792221809366296630e-05 6.025743920645623420e-05 3.169184873582148372e-05 5.154576724862691125e-05 1.478854157422157385e-06 6.650288564776914656e-05 8.112999405734305078e-06 0.000000000000000000e+00 4.941276119529073617e-06 2.155635330975153667e-05
7.200000000000000000e+03 2.530474127046533210e-05 2.637711736223595916e-05 5.675173963847308733e-05 3.175155730879321834e-05 4.898371709233663007e-05 1.690805796911966527e-06 5.944630524660047703e-05 7.208510576093247241e-06 0.000000000000000000e+00 4.777397324062506185e-06 2.031245890431840299e-05 2.530474127046533210e-05 2.637711736223595916e-05 5.675173963847308733e-05 3.175155730879321834e-05 4.898371709233663007e-05 1.690805796911966527e-06 5.944630524660047703e-05 7.208510576093247241e-06 0.000000000000000000e+00 4.777397324062506185e-06 2.031245890431840299e-05
7.400000000000000000e+03 2.545744630180103452e-05 2.316096595583995186e-05 5.594028747306303042e-05 3.288559675490405833e-05 4.427801150946988261e-05 1.906309591056971463e-06 5.326838346105315875e-05 6.714131294367770726e-06 0.000000000000000000e+00 4.173530385565040794e-06 1.884325077042586742e-05 2.545744630180103452e-05 2.316096595583995186e-05 5.594028747306303042e-05 3.288559675490405833e-05 4.427801150946988261e-05 1.906309591056971463e-06 5.326838346105315875e-05 6.714131294367770726e-06 0.000000000000000000e+00 4.173530385565040794e-06 1.884325077042586742e-05
7.600000000000000000e+03 2.530554256954809634e-05 2.076244836181060548e-05 5.299656988099070339e-05 3.217753448321316142e-05 4.270137136980021043e-05 2.051375210393669181e-06 5.017221982137573565e-05 6.275001616227209805e-06 0.000000000000000000e+00 3.850351104405491711e-06 1.698020191834541330e-05 2.530554256954809634e-05 2.076244836181060548e-05 5.299656988099070339e-05 3.217753448321316142e-05 4.270137136980021043e-05 2.051375210393669181e-06 5.017221982137573565e-05 6.275001616227209805e-06 0.000000000000000000e+00 3.850351104405491711e-06 1.698020191834541330e-05
7.800000000000000000e+03 2.638404529775774935e-05 1.937018337204607254e-05 5.111085805250212153e-05 2.821459444799370592e-05 4.487557458353131419e-05 2.181615967159617434e-06 4.350591902186878976e-05 5.680182055735472854e-06 0.000000000000000000e+00 3.521552796825627746e-06 1.523520960060227467e-05 2.638404529775774935e-05 1.937018337204607254e-05 5.111085805250212153e-05 2.821459444799370592e-05 4.487557458353131419e-05 2.181615967159617434e-06 4.350591902186878976e-05 5.680182055735472854e-06 0.000000000000000000e+00 3.521552796825627746e-06 1.523520960060227467e-05
8.000000000000000000e+03 2.600856643512975677e-05 1.830827257904281440e-05 4.974256041474663770e-05 2.602334583302690353e-05 4.342606576791199785e-05 2.632666697659061101e-06 3.886577195353273462e-05 5.024670486216341767e-06 0.000000000000000000e+00 3.285283084799793666e-06 1.338141990677133902e-05 2.600856643512975677e-05 1.830827257904281440e-05 4.974256041474663770e-05 2.602334583302690353e-05 4.342606576791199785e-05 2.632666697659061101e-06 3.886577195353273462e-05 5.024670486216341767e-06 0.000000000000000000e+00 3.285283084799793666e-06 1.338141990677133902e-05
8.200000000000000000e+03 2.529294155617071874e-05 1.616265831466773094e-05 4.782645227955245907e-05 2.721544404449900196e-05 3.990645940551320442e-05 2.217466633383334427e-06 3.663339549265978018e-05 4.202294718535855158e-06 0.000000000000000000e+00 2.742310429904295780e-06 1.148974604511458951e-05 2.529294155617071874e-05 1.616265831466773094e-05 4.782645227955245907e-05 2.721544404449900196e-05 3.990645940551320442e-05 2.217466633383334427e-06 3.663339549265978018e-05 4.202294718535855158e-06 0.000000000000000000e+00 2.742310429904295780e-06 1.148974604511458951e-05
8.400000000000000000e+03 2.491893237403744086e-05 1.559377388483317403e-05 4.566976612992383052e-05 2.454334420027189033e-05 3.825740290528045821e-05 2.278337574612628007e-06 3.607188581358394987e-05 3.780263365236369230e-06 0.000000000000000000e+00 2.917037612472293971e-06 9.222264092028081224e-06 2.491893237403744086e-05 1.559377388483317403e-05 4.566976612992383052e-05 2.454334420027189033e-05 3.825740290528045821e-05 2.278337574612628007e-06 3.607188581358394987e-05 3.780263365236369230e-06 0.000000000000000000e+00 2.917037612472293971e-06 9.222264092028081224e-06
8.600000000000000000e+03 2.309253082689918582e-05 1.548392848773754525e-05 4.524470824455283774e-05 2.087534903153145932e-05 3.596037142714954987e-05 2.284883265578661670e-06 3.620670632507789918e-05 3.051131387181750328e-06 0.000000000000000000e+00 2.817985050962361288e-06 7.833413123166721174e-06 2.309253082689918582e-05 1.548392848773754525e-05 4.524470824455283774e-05 2.087534903153145932e-05 3.596037142714954987e-05 2.284883265578661670e-06 3.620670632507789918e-05 3.051131387181750328e-06 0.000000000000000000e+00 2.817985050962361288e-06 7.833413123166721174e-06
8.800000000000000000e+03 2.255730483928573924e-05 1.471167000590165772e-05 4.438294925381936433e-05 2.015634379513636318e-05 3.453184125702314807e-05 2.522498375171777141e-06 3.516747575201299107e-05 2.739861596990478656e-06 0.000000000000000000e+00 2.386410969265182736e-06 6.615447462702607709e-06 2.255730483928573924e-05 1.471167000590165772e-05 4.438294925381936433e-05 2.015634379513636318e-05 3.453184125702314807e-05 2.522498375171777141e-06 3.516747575201299107e-05 2.739861596990478656e-06 0.000000000000000000e+00 2.386410969265182736e-06 6.615447462702607709e-06
9.000000000000000000e+03 2.175686118605414619e-05 1.464473084214580530e-05 4.402031046527210458e-05 1.864256508069354337e-05 3.314005405483150442e-05 2.356743288508964027e-06 3.319544907678865755e-05 2.477456310783608085e-06 0.000000000000000000e+00 2.210316837197502483e-06 6.321902853418162018e-06 2.175686118605414619e-05 1.464473084214580530e-05 4.402031046527210458e-05 1.864256508069354337e-05 3.314005405483150442e-05 2.356743288508964027e-06 3.319544907678865755e-05 2.477456310783608085e-06 0.000000000000000000e+00 2.210316837197502483e-06 6.321902853418162018e-06
9.200000000000000000e+03 2.101735104803116152e-05 1.430060425732932854e-05 4.234162345186585750e-05 1.927405568055934074e-05 3.225124923907196059e-05 2.085282190647187116e-06 2.940147566762883258e-05 2.393280926278719233e-06 0.000000000000000000e+00 1.980609797715616212e-06 5.616762169109416795e-06 2.101735104803116152e-05 1.430060425732932854e-05 4.234162345186585750e-05 1.927405568055934074e-05 3.225124923907196059e-05 2.085282190647187116e-06 2.940147566762883258e-05 2.393280926278719233e-06 0.000000000000000000e+00 1.980609797715616212e-06 5.616762169109416795e-06
9.400000000000000000e+03 2.005451311033270727e-05 1.366065998513166823e-05 3.886067241577475736e-05 1.722175228986448357e-05 3.383977354813773450e-05 1.758897803781227995e-06 2.772256648939090508e-05 1.917891735771955835e-06 0.000000000000000000e+00 1.948683819773820858e-06 5.220809505176133851e-06 2.005451311033270727e-05 1.366065998513166823e-05 3.886067241577475736e-05 1.722175228986448357e-05 3.383977354813773450e-05 1.758897803781227995e-06 2.772256648939090508e-05 1.917891735771955835e-06 0.000000000000000000e+00 1.948683819773820858e-06 5.220809505176133851e-06
9.600000000000000000e+03 1.966282405756697457e-05 1.376178863519830615e-05 3.560900065685016164e-05 1.715578097885191901e-05 3.329529026010052690e-05 1.693839228468968034e-06 2.586652345666014103e-05 1.908911830409627654e-06 0.000000000000000000e+00 1.866897747486000243e-06 4.364833380725844213e-06 1.966282405756697457e-05 1.376178863519830615e-05 3.560900065685016164e-05 1.715578097885191901e-05 3.329529026010052690e-05 1.693839228468968034e-06 2.586652345666014103e-05 1.908911830409627654e-06 0.000000000000000000e+00 1.866897747486000243e-06 4.364833380725844213e-06
9.800000000000000000e+03 1.898206692674926714e-05 1.401532970996552393e-05 3.483060090742109554e-05 1.674905281970222369e-05 3.098173307285683977e-05 1.248886579718901148e-06 2.343125369900904577e-05 1.701630500189422651e-06 0.000000000000000000e+00 1.695159788766848486e-06 4.172030050263829150e-06 1.898206692674926714e-05 1.401532970996552393e-05 3.483060090742109554e-05 1.674905281970222369e-05 3.098173307285683977e-05 1.248886579718901148e-06 2.343125369900904577e-05 1.701630500189422651e-06 0.000000000000000000e+00 1.695159788766848486e-06 4.172030050263829150e-06
1.000000000000000000e+04 1.768744538506499542e-05 1.472218850350856595e-05 3.432385098769449280e-05 1.467944838181502237e-05 3.069312505206017738e-05 1.204960980326396542e-06 2.162697763774004917e-05 1.486877065208998846e-06 0.000000000000000000e+00 1.583617105773003401e-06 3.523784035191253096e-06 1.768744538506499542e-05 1.472218850350856595e-05 3.432385098769449280e-05 1.467944838181502237e-05 3.069312505206017738e-05 1.204960980326396542e-06 2.162697763774004917e-05 1.486877065208998846e-06 0.000000000000000000e+00 1.583617105773003401e-06 3.523784035191253096e-06
1.020000000000000000e+04 1.578558907948375575e-05 1.454973918578696556e-05 3.124967957582050823e-05 1.465110804713447609e-05 3.041024396011690752e-05 1.135224874536237258e-06 2.119442693272237402e-05 1.298511529795099173e-06 0.000000000000000000e+00 1.530913777092316140e-06 2.968621056628724163e-06 1.578558907948375575e-05 1.454973918578696556e-05 3.124967957582050823e-05 1.465110804713447609e-05 3.041024396011690752e-05 1.135224874536237258e-06 2.119442693272237402e-05 1.298511529795099173e-06 0.000000000000000000e+00 1.530913777092316140e-06 2.968621056628724163e-06
1.040000000000000000e+04 1.486119756443024632e-05 1.418651056202335823e-05 3.005033880577962028e-05 1.471610570377791893e-05 2.923241276198462992e-05 9.470936795568404627e-07 1.998472876823532737e-05 1.147370301799601183e-06 0.000000000000000000e+00 1.609899442426778104e-06 2.727438484222384030e-06 1.486119756443024632e-05 1.418651056202335823e-05 3.005033880577962028e-05 1.471610570377791893e-05 2.923241276198462992e-05 9.470936795568404627e-07 1.998472876823532737e-05 1.147370301799601183e-06 0.000000000000000000e+00 1.609899442426778104e-06 2.727438484222384030e-06
1.060000000000000000e+04 1.392329496784234231e-05 1.370814003363482911e-05 3.025080065657556478e-05 1.372315774958873544e-05 2.849910365945508990e-05 9.676211604555488815e-07 1.828654979448720674e-05 1.171512082640939371e-06 0.000000000000000000e+00 1.561509114580700192e-06 2.433400995691905402e-06 1.392329496784234231e-05 1.370814003363482911e-05 3.025080065657556478e-05 1.372315774958873544e-05 2.849910365945508990e-05 9.676211604555488815e-07 1.828654979448720674e-05 1.171512082640939371e-06 0.000000000000000000e+00 1.561509114580700192e-06 2.433400995691905402e-06
1.080000000000000000e+04 1.355815853909295393e-05 1.439125459704651070e-05 2.829039033727215360e-05 1.249987631848233976e-05 2.798275697850926796e-05 7.795268498185736967e-07 1.646846789926245536e-05 1.215979897542698572e-06 0.000000000000000000e+00 1.320999863948442659e-06 2.339495257995558750e-06 1.355815853909295393e-05 1.439125459704651070e-05 2.829039033727215360e-05 1.249987631848233976e-05 2.798275697850926796e-05 7.795268498185736967e-07 1.646846789926245536e-05 1.215979897542698572e-06 0.000000000000000000e+00 1.320999863948442659e-06 2.339495257995558750e-06
1.100000000000000000e+04 1.277043823645615684e-05 1.400704544663047436e-05 2.605879857352225772e-05 1.379344923762464077e-05 2.610201186194284663e-05 8.483392446801891044e-07 1.510558961502001790e-05 1.004037182758558058e-06 0.000000000000000000e+00 1.298103846994216025e-06 2.486426383379177812e-06 1.277043823645615684e-05 1.400704544663047436e-05 2.605879857352225772e-05 1.379344923762464077e-05 2.610201186194284663e-05 8.483392446801891044e-07 1.510558961502001790e-05 1.004037182758558058e-06 0.000000000000000000e+00 1.298103846994216025e-06 2.486426383379177812e-06
1.120000000000000000e+04 1.258480901562252302e-05 1.359122211476820717e-05 2.586219608759137575e-05 1.219531152933156993e-05 2.486534061191906443e-05 8.004143010846136050e-07 1.371581831998096421e-05 1.015358031693813116e-06 0.000000000000000000e+00 1.283050848337456282e-06 2.452821330033045002e-06 1.258480901562252302e-05 1.359122211476820717e-05 2.586219608759137575e-05 1.219531152933156993e-05 2.486534061191906443e-05 8.004143010846136050e-07 1.371581831998096421e-05 1.015358031693813116e-06 0.000000000000000000e+00 1.283050848337456282e-06 2.452821330033045002e-06
1.140000000000000000e+04 1.256173524887235024e-05 1.328262091271413024e-05 2.473633829703197732e-05 1.179020252029656406e-05 2.420179208848921763e-05 7.715964909808102870e-07 1.292861820377866918e-05 8.977796457482354137e-07 0.000000000000000000e+00 1.230905059301497115e-06 1.914839412112112113e-06 1.256173524887235024e-05 1.328262091271413024e-05 2.473633829703197732e-05 1.179020252029656406e-05 2.420179208848921763e-05 7.715964909808102870e-07 1.292861820377866918e-05 8.977796457482354137e-07 0.000000000000000000e+00 1.230905059301497115e-06 1.914839412112112113e-06
1.160000000000000000e+04 1.224472218720183351e-05 1.254285885196153712e-05 2.356369616766453926e-05 1.151085906182445848e-05 2.343931132870875461e-05 8.514726549014736932e-07 1.225837798533780976e-05 7.104592173084610129e-07 0.000000000000000000e+00 1.296820006410339351e-06 1.439172138158225823e-06 1.224472218720183351e-05 1.254285885196153712e-05 2.356369616766453926e-05 1.151085906182445848e-05 2.343931132870875461e-05 8.514726549014736932e-07 1.225837798533780976e-05 7.104592173084610129e-07 0.000000000000000000e+00 1.296820006410339351e-06 1.439172138158225823e-06
1.180000000000000000e+04 1.187552751488202358e-05 1.173828345643450592e-05 2.262994346344651401e-05 1.002404952747157359e-05 2.383402167923806493e-05 1.010410973625780095e-06 1.197096614640261259e-05 6.309598324221137401e-07 0.000000000000000000e+00 1.168462474625003956e-06 1.375970730871052638e-06 1.187552751488202358e-05 1.173828345643450592e-05 2.262994346344651401e-05 1.002404952747157359e-05 2.383402167923806493e-05 1.010410973625780095e-06 1.197096614640261259e-05 6.309598324221137401e-07 0.000000000000000000e+00 1.168462474625003956e-06 1.375970730871052638e-06
1.200000000000000000e+04 1.163074946315625455e-05 1.096987781099775692e-05 2.204264457642784354e-05 9.749531966650199977e-06 2.327312976835482335e-05 1.061341555942123171e-06 1.097197027341217999e-05 5.394523740006361338e-07 0.000000000000000000e+00 1.073428036828903286e-06 1.337343028605614060e-06 1.163074946315625455e-05 1.096987781099775692e-05 2.204264457642784354e-05 9.749531966650199977e-06 2.327312976835482335e-05 1.061341555942123171e-06 1.097197027341217999e-05 5.394523740006361338e-07 0.000000000000000000e+00 1.073428036828903286e-06 1.337343028605614060e-06
1.220000000000000000e+04 1.140622950800335684e-05 1.050271111785448073e-05 2.109168669897181682e-05 9.140724768141268638e-06 2.276967335271110849e-05 1.194575374335883499e-06 1.048731286629135417e-05 6.150826324740051873e-07 0.000000000000000000e+00 1.059396984592088777e-06 1.316995973130086001e-06 1.140622950800335684e-05 1.050271111785448073e-05 2.109168669897181682e-05 9.140724768141268638e-06 2.276967335271110849e-05 1.194575374335883499e-06 1.048731286629135417e-05 6.150826324740051873e-07 0.000000000000000000e+00 1.059396984592088777e-06 1.316995973130086001e-06
1.240000000000000000e+04 1.079238308851115882e-05 9.938139947906233712e-06 2.079689424275432769e-05 9.051272695209600639e-06 2.206321523546142399e-05 1.050419137282289821e-06 1.013867818245699870e-05 5.902778001072877631e-07 0.000000000000000000e+00 1.050141578489845254e-06 1.366869515069161138e-06 1.079238308851115882e-05 9.938139947906233712e-06 2.079689424275432769e-05 9.051272695209600639e-06 2.206321523546142399e-05 1.050419137282289821e-06 1.013867818245699870e-05 5.902778001072877631e-07 0.000000000000000000e+00 1.050141578489845254e-06 1.366869515069161138e-06
1.260000000000000000e+04 1.019565531704573477e-05 9.525360909047365942e-06 1.930079036719183118e-05 1.009526618057905572e-05 2.154289320095425454e-05 8.882255381811290164e-07 9.284137549405557173e-06 6.374412985773144884e-07 0.000000000000000000e+00 1.106209513371799379e-06 1.319489624222808501e-06 1.019565531704573477e-05 9.525360909047365942e-06 1.930079036719183118e-05 1.009526618057905572e-05 2.154289320095425454e-05 8.882255381811290164e-07 9.284137549405557173e-06 6.374412985773144884e-07 0.000000000000000000e+00 1.106209513371799379e-06 1.319489624222808501e-06
1.280000000000000000e+04 9.805847193852106441e-06 9.146248837570269811e-06 1.917403560228558469e-05 9.275937619323081001e-06 2.203299077454007286e-05 7.193693468948584644e-07 8.399664882094043213e-06 4.395777310083084378e-07 0.000000000000000000e+00 1.083236682968680363e-06 1.170003624384413236e-06 9.805847193852106441e-06 9.146248837570269811e-06 1.917403560228558469e-05 9.275937619323081001e-06 2.203299077454007286e-05 7.193693468948584644e-07 8.399664882094043213e-06 4.395777310083084378e-07 0.000000000000000000e+00 1.083236682968680363e-06 1.170003624384413236e-06
1.300000000000000000e+04 9.258639080368830392e-06 8.793679664595756499e-06 1.877076221942085868e-05 9.393088456153226098e-06 2.151109857022359920e-05 6.548188668711864084e-07 7.930421559268228528e-06 4.835359110580491176e-07 0.000000000000000000e+00 1.106742242011037318e-06 1.332621736966513326e-06 9.258639080368830392e-06 8.793679664595756499e-06 1.877076221942085868e-05 9.393088456153226098e-06 2.151109857022359920e-05 6.548188668711864084e-07 7.930421559268228528e-06 4.835359110580491176e-07 0.000000000000000000e+00 1.106742242011037318e-06 1.332621736966513326e-06
1.320000000000000000e+04 8.719544352806829444e-06 8.233238510224937586e-06 1.864435882391020041e-05 9.020595037226604367e-06 2.101407055721501077e-05 6.862799610136361112e-07 7.781509834633572011e-06 4.461671637105565204e-07 0.000000000000000000e+00 1.172054967604767530e-06 1.241358467979211900e-06 8.719544352806829444e-06 8.233238510224937586e-06 1.864435882391020041e-05 9.020595037226604367e-06 2.101407055721501077e-05 6.862799610136361112e-07 7.781509834633572011e-06 4.461671637105565204e-07 0.000000000000000000e+00 1.172054967604767530e-06 1.241358467979211900e-06
1.340000000000000000e+04 8.510903945912410683e-06 7.638358115871389590e-06 1.818108044348991684e-05 8.926951447236156163e-06 2.047343528438977917e-05 6.001413251518019243e-07 7.898134035881050356e-06 4.088573399259978636e-07 0.000000000000000000e+00 1.172256341570135446e-06 1.049569767535346630e-06 8.510903945912410683e-06 7.638358115871389590e-06 1.818108044348991684e-05 8.926951447236156163e-06 2.047343528438977917e-05 6.001413251518019243e-07 7.898134035881050356e-06 4.088573399259978636e-07 0.000000000000000000e+00 1.172256341570135446e-06 1.049569767535346630e-06
1.360000000000000000e+04 8.249737122298129931e-06 7.032007902958671725e-06 1.813124885130018891e-05 8.629282450170856905e-06 1.988669638969557926e-05 4.233749104887288872e-07 7.878662153385449844e-06 3.683397519019433121e-07 0.000000000000000000e+00 1.222410278933000387e-06 9.655600016752576057e-07 8.249737122298129931e-06 7.032007902958671725e-06 1.813124885130018891e-05 8.629282450170856905e-06 1.988669638969557926e-05 4.233749104887288872e-07 7.878662153385449844e-06 3.683397519019433121e-07 0.000000000000000000e+00 1.222410278933000387e-06 9.655600016752576057e-07
1.380000000000000000e+04 7.928043001066336840e-06 6.729008676573008467e-06 1.795735579623493005e-05 8.481451085346806986e-06 1.915631200342070295e-05 3.991861874268010046e-07 7.957981612146355942e-06 3.338673999890522609e-07 0.000000000000000000e+00 1.265318967837735347e-06 9.647330815623827505e-07 7.928043001066336840e-06 6.729008676573008467e-06 1.795735579623493005e-05 8.481451085346806986e-06 1.915631200342070295e-05 3.991861874268010046e-07 7.957981612146355942e-06 3.338673999890522609e-07 0.000000000000000000e+00 1.265318967837735347e-06 9.647330815623827505e-07
1.400000000000000000e+04 7.635109453157704250e-06 6.447872679975149456e-06 1.753777955926424982e-05 8.219184617468094556e-06 1.854392191132201058e-05 3.950842897165500186e-07 8.207190882270282836e-06 2.643838224820769267e-07 0.000000000000000000e+00 1.242906581516188061e-06 9.002904105357442382e-07 7.635109453157704250e-06 6.447872679975149456e-06 1.753777955926424982e-05 8.219184617468094556e-06 1.854392191132201058e-05 3.950842897165500186e-07 8.207190882270282836e-06 2.643838224820769267e-07 0.000000000000000000e+00 1.242906581516188061e-06 9.002904105357442382e-07
1.420000000000000000e+04 7.124759323992561566e-06 6.398824582498204515e-06 1.707334840719828832e-05 7.922219664285121780e-06 1.795502831437943608e-05 4.309291023691133802e-07 8.274780533743004979e-06 2.793816903635789337e-07 0.000000000000000000e+00 1.241065470830219939e-06 8.940458689053186426e-07 7.124759323992561566e-06 6.398824582498204515e-06 1.707334840719828832e-05 7.922219664285121780e-06 1.795502831437943608e-05 4.309291023691133802e-07 8.274780533743004979e-06 2.793816903635789337e-07 0.000000000000000000e+00 1.241065470830219939e-06 8.940458689053186426e-07
1.440000000000000000e+04 6.713632509818003918e-06 6.266150323403788796e-06 1.585931042354684462e-05 7.681120183392983560e-06 1.808412284053731117e-05 4.512638245148114121e-07 8.237145232054426155e-06 2.751813064723296382e-07 0.000000000000000000e+00 1.253918779022108419e-06 8.654067882423660504e-07 6.713632509818003918e-06 6.266150323403788796e-06 1.585931042354684462e-05 7.681120183392983560e-06 1.808412284053731117e-05 4.512638245148114121e-07 8.237145232054426155e-06 2.751813064723296382e-07 0.000000000000000000e+00 1.253918779022108419e-06 8.654067882423660504e-07
1.460000000000000000e+04 6.533557383437197429e-06 6.240485605773490149e-06 1.474661407660568214e-05 7.818158467847925893e-06 1.778540713014444731e-05 4.820782097980393450e-07 7.878803830001079522e-06 3.192713270405726356e-07 0.000000000000000000e+00 1.279539793970320312e-06 9.095392564801060349e-07 6.533557383437197429e-06 6.240485605773490149e-06 1.474661407660568214e-05 7.818158467847925893e-06 1.778540713014444731e-05 4.820782097980393450e-07 7.878803830001079522e-06 3.192713270405726356e-07 0.000000000000000000e+00 1.279539793970320312e-06 9.095392564801060349e-07
1.480000000000000000e+04 6.313860595089393436e-06 6.079356133972684976e-06 1.390575301183479145e-05 7.779500971194416972e-06 1.786435746744342978e-05 4.129640940610847221e-07 7.639057062424198908e-06 3.615227834908831292e-07 0.000000000000000000e+00 1.222384395749215226e-06 9.280613121955030473e-07 6.313860595089393436e-06 6.079356133972684976e-06 1.390575301183479145e-05 7.779500971194416972e-06 1.786435746744342978e-05 4.129640940610847221e-07 7.639057062424198908e-06 3.615227834908831292e-07 0.000000000000000000e+00 1.222384395749215226e-06 9.280613121955030473e-07
1.500000000000000000e+04 6.128852793242309080e-06 5.824598609110973632e-06 1.384308835316917965e-05 7.353710329367857183e-06 1.759064548486085993e-05 3.748010614424928490e-07 7.318579146776154141e-06 3.208972534760501016e-07 0.000000000000000000e+00 1.100596651065904798e-06 8.948009493606296177e-07 6.128852793242309080e-06 5.824598609110973632e-06 1.384308835316917965e-05 7.353710329367857183e-06 1.759064548486085993e-05 3.748010614424928490e-07 7.318579146776154141e-06 3.208972534760501016e-07 0.000000000000000000e+00 1.100596651065904798e-06 8.948009493606296177e-07
1.520000000000000000e+04 6.064436145667471331e-06 5.397611488142887637e-06 1.338847864477497484e-05 7.417876425709573989e-06 1.731991500607005935e-05 3.551126851329236698e-07 7.063353676056130428e-06 3.195037081939233490e-07 0.000000000000000000e+00 1.047109836110185220e-06 8.730730079453805376e-07 6.064436145667471331e-06 5.397611488142887637e-06 1.338847864477497484e-05 7.417876425709573989e-06 1.731991500607005935e-05 3.551126851329236698e-07 7.063353676056130428e-06 3.195037081939233490e-07 0.000000000000000000e+00 1.047109836110185220e-06 8.730730079453805376e-07
1.540000000000000000e+04 6.054749601878938626e-06 5.307397400776858058e-06 1.307132067400496100e-05 7.312875290515633684e-06 1.706789693724660337e-05 3.596199935867922531e-07 6.666352284015910192e-06 3.465992819219759665e-07 0.000000000000000000e+00 1.029162889411386310e-06 8.822941482619787739e-07 6.054749601878938626e-06 5.307397400776858058e-06 1.307132067400496100e-05 7.312875290515633684e-06 1.706789693724660337e-05 3.596199935867922531e-07 6.666352284015910192e-06 3.465992819219759665e-07 0.000000000000000000e+00 1.029162889411386310e-06 8.822941482619787739e-07
1.560000000000000000e+04 5.918192530112104119e-06 5.198615173982495922e-06 1.294004998005307024e-05 7.393700206856686733e-06 1.625198193462774914e-05 3.600500485423454686e-07 6.502826274965647246e-06 3.339795530281485956e-07 0.000000000000000000e+00 9.647291463851260910e-07 8.791140397698132703e-07 5.918192530112104119e-06 5.198615173982495922e-06 1.294004998005307024e-05 7.393700206856686733e-06 1.625198193462774914e-05 3.600500485423454686e-07 6.502826274965647246e-06 3.339795530281485956e-07 0.000000000000000000e+00 9.647291463851260910e-07 8.791140397698132703e-07
1.580000000000000000e+04 5.717534728735554601e-06 5.259445621083086514e-06 1.287294807125912307e-05 7.617396867913944184e-06 1.509792055214981548e-05 4.154818200971070300e-07 6.393086450022284181e-06 2.848389635209767184e-07 0.000000000000000000e+00 9.659516443296339608e-07 8.357525885553910006e-07 5.717534728735554601e-06 5.259445621083086514e-06 1.287294807125912307e-05 7.617396867913944184e-06 1.509792055214981548e-05 4.154818200971070300e-07 6.393086450022284181e-06 2.848389635209767184e-07 0.000000000000000000e+00 9.659516443296339608e-07 8.357525885553910006e-07
1.600000000000000000e+04 5.634603937236022771e-06 5.166149956069901315e-06 1.269352807144186190e-05 7.596855894947621863e-06 1.460717769273789324e-05 4.152071515928863350e-07 6.272000665035499598e-06 2.996558688707460756e-07 0.000000000000000000e+00 9.875616409009212398e-07 7.970778491970118899e-07 5.634603937236022771e-06 5.166149956069901315e-06 1.269352807144186190e-05 7.596855894947621863e-06 1.460717769273789324e-05 4.152071515928863350e-07 6.272000665035499598e-06 2.996558688707460756e-07 0.000000000000000000e+00 9.875616409009212398e-07 7.970778491970118899e-07
1.620000000000000000e+04 5.530455908840496782e-06 5.117032681669545405e-06 1.238694207215011042e-05 7.585338219995394869e-06 1.426442123295198468e-05 3.875182612047098739e-07 6.082732802839139864e-06 3.173352462477250240e-07 0.000000000000000000e+00 9.638218023394561656e-07 8.434924909585898574e-07 5.530455908840496782e-06 5.117032681669545405e-06 1.238694207215011042e-05 7.585338219995394869e-06 1.426442123295198468e-05 3.875182612047098739e-07 6.082732802839139864e-06 3.173352462477250240e-07 0.000000000000000000e+00 9.638218023394561656e-07 8.434924909585898574e-07
1.640000000000000000e+04 5.392833844845867229e-06 5.106453593765827739e-06 1.224434035228360153e-05 7.160867061005329708e-06 1.402903828923595896e-05 4.146303841626843418e-07 6.025739517816027153e-06 2.692851002593113127e-07 0.000000000000000000e+00 1.005840017661160641e-06 8.491679915716084232e-07 5.392833844845867229e-06 5.106453593765827739e-06 1.224434035228360153e-05 7.160867061005329708e-06 1.402903828923595896e-05 4.146303841626843418e-07 6.025739517816027153e-06 2.692851002593113127e-07 0.000000000000000000e+00 1.005840017661160641e-06 8.491679915716084232e-07
1.660000000000000000e+04 5.289345080904185184e-06 5.044377518158894394e-06 1.185406701543999807e-05 6.902100116218889779e-06 1.411429684223685063e-05 4.478605700639287971e-07 5.814891520181834846e-06 3.063591816429610501e-07 0.000000000000000000e+00 1.003231323993474567e-06 7.916395307209525191e-07 5.289345080904185184e-06 5.044377518158894394e-06 1.185406701543999807e-05 6.902100116218889779e-06 1.411429684223685063e-05 4.478605700639287971e-07 5.814891520181834846e-06 3.063591816429610501e-07 0.000000000000000000e+00 1.003231323993474567e-06 7.916395307209525191e-07
1.680000000000000000e+04 5.154408712526660936e-06 5.145584100703470014e-06 1.127174035709832843e-05 6.613097194701887958e-06 1.404910866950552354e-05 4.080869528084412837e-07 5.747526267327612989e-06 3.186947310528816561e-07 0.000000000000000000e+00 9.875659302510446320e-07 8.203510496733286225e-07 5.154408712526660936e-06 5.145584100703470014e-06 1.127174035709832843e-05 6.613097194701887958e-06 1.404910866950552354e-05 4.080869528084412837e-07 5.747526267327612989e-06 3.186947310528816561e-07 0.000000000000000000e+00 9.875659302510446320e-07 8.203510496733286225e-07
1.700000000000000000e+04 5.038095973667460896e-06 5.127589125825808929e-06 1.067482534744443437e-05 6.081044388019149263e-06 1.424772181591381558e-05 4.566483656909916917e-07 5.683728731400968069e-06 2.886246359402510719e-07 0.000000000000000000e+00 9.397725110502259900e-07 8.121008413603623384e-07 5.038095973667460896e-06 5.127589125825808929e-06 1.067482534744443437e-05 6.081044388019149263e-06 1.424772181591381558e-05 4.566483656909916917e-07 5.683728731400968069e-06 2.886246359402510719e-07 0.000000000000000000e+00 9.397725110502259900e-07 8.121008413603623384e-07
1.720000000000000000e+04 4.866551812692532682e-06 5.059428473935710999e-06 1.068790795937018765e-05 5.707401887398090605e-06 1.394434134400407984e-05 4.227901820943438146e-07 5.727997901500292336e-06 2.364590278469392760e-07 0.000000000000000000e+00 9.196815402235251276e-07 7.666862409344599402e-07 4.866551812692532682e-06 5.059428473935710999e-06 1.068790795937018765e-05 5.707401887398090605e-06 1.394434134400407984e-05 4.227901820943438146e-07 5.727997901500292336e-06 2.364590278469392760e-07 0.000000000000000000e+00 9.196815402235251276e-07 7.666862409344599402e-07
1.740000000000000000e+04 4.772421744766793869e-06 4.777622227931782042e-06 1.078330677835649539e-05 5.184102066789442042e-06 1.381132805856211747e-05 4.491968788238023040e-07 5.570927014167160520e-06 2.457908382411552052e-07 0.000000000000000000e+00 9.704578905833418416e-07 7.256409544286735256e-07 4.772421744766793869e-06 4.777622227931782042e-06 1.078330677835649539e-05 5.184102066789442042e-06 1.381132805856211747e-05 4.491968788238023040e-07 5.570927014167160520e-06 2.457908382411552052e-07 0.000000000000000000e+00 9.704578905833418416e-07 7.256409544286735256e-07
1.760000000000000000e+04 4.731885674166314793e-06 4.595820393588541227e-06 1.030961765507493587e-05 4.829580919268467328e-06 1.372307854427421426e-05 5.086660579576582081e-07 5.396617875084165290e-06 2.252652642157889264e-07 0.000000000000000000e+00 1.031893628063363559e-06 7.044787705395911729e-07 4.731885674166314793e-06 4.595820393588541227e-06 1.030961765507493587e-05 4.829580919268467328e-06 1.372307854427421426e-05 5.086660579576582081e-07 5.396617875084165290e-06 2.252652642157889264e-07 0.000000000000000000e+00 1.031893628063363559e-06 7.044787705395911729e-07
1.780000000000000000e+04 4.703032516343406971e-06 4.403735144633733407e-06 1.022571103052208970e-05 4.458619407313144438e-06 1.359315608033946588e-05 4.894635257916225587e-07 5.276918183761803466e-06 1.842377354085068943e-07 0.000000000000000000e+00 1.007950436979578691e-06 7.180628061811161054e-07 4.703032516343406971e-06 4.403735144633733407e-06 1.022571103052208970e-05 4.458619407313144438e-06 1.359315608033946588e-05 4.894635257916225587e-07 5.276918183761803466e-06 1.842377354085068943e-07 0.000000000000000000e+00 1.007950436979578691e-06 7.180628061811161054e-07
1.784400000000000000e+04 4.702606640105630972e-06 4.360892208305708317e-06 1.017778266173212518e-05 4.455267981772800818e-06 1.344374384215698245e-05 4.884556815075761531e-07 5.256718616684479469e-06 1.924902420714047215e-07 0.000000000000000000e+00 1.016542283766159398e-06 6.983634578266809241e-07 3.921544061028505322e-06 3.530210975379750487e-06 5.139070683795343730e-06 3.407054704630280997e-06 1.177005487961852007e-05 4.884556815075761531e-07 5.256718616684479469e-06 1.924902420713928101e-07 0.000000000000000000e+00 1.016542283766159398e-06 6.983634578273323984e-07
