0 [-1.00000000e-01]
1 [-9.90000003e-02]
2 [-9.97440055e-02]
3 [-1.00319067e-01]
4 [-1.00790034e-01]
5 [-1.01187993e-01]
6 [-1.01530846e-01]
7 [-1.01830110e-01]
8 [-1.02093762e-01]
9 [-1.02327638e-01]
10 [-1.02536179e-01]
11 [-1.02722872e-01]
12 [-1.02890528e-01]
13 [-1.03041456e-01]
14 [-1.03177586e-01]
15 [-1.03300552e-01]
16 [-1.03411757e-01]
17 [-1.03512415e-01]
18 [-1.03603582e-01]
19 [-1.03686192e-01]
20 [-1.03761065e-01]
21 [-1.03828934e-01]
22 [-1.03890452e-01]
23 [-1.03946202e-01]
24 [-1.03996711e-01]
25 [-1.04042452e-01]
26 [-1.04083853e-01]
27 [-1.04121301e-01]
28 [-1.04155147e-01]
29 [-1.04185710e-01]
30 [-1.04213280e-01]
31 [-1.04238120e-01]
32 [-1.04260470e-01]
33 [-1.04280549e-01]
34 [-1.04298555e-01]
35 [-1.04314672e-01]
36 [-1.04329064e-01]
37 [-1.04341883e-01]
38 [-1.04353268e-01]
39 [-1.04363344e-01]
40 [-1.04372226e-01]
41 [-1.04380021e-01]
42 [-1.04386823e-01]
43 [-1.04392721e-01]
44 [-1.04397795e-01]
45 [-1.04402118e-01]
46 [-1.04405757e-01]
47 [-1.04408773e-01]
48 [-1.04411222e-01]
49 [-1.04413155e-01]
50 [-1.04414618e-01]
51 [-1.04415655e-01]
52 [-1.04416303e-01]
53 [-1.04416598e-01]
54 [-1.04416573e-01]
55 [-1.04416257e-01]
56 [-1.04415678e-01]
57 [-1.04414860e-01]
58 [-1.04413826e-01]
59 [-1.04412596e-01]
60 [-1.04411189e-01]
61 [-1.04409622e-01]
62 [-1.04407910e-01]
63 [-1.04406069e-01]
64 [-1.04404111e-01]
65 [-1.04402048e-01]
66 [-1.04399890e-01]
67 [-1.04397647e-01]
68 [-1.04395329e-01]
69 [-1.04392942e-01]
70 [-1.04390495e-01]
71 [-1.04387994e-01]
72 [-1.04385445e-01]
73 [-1.04382854e-01]
74 [-1.04380224e-01]
75 [-1.04377562e-01]
76 [-1.04374869e-01]
77 [-1.04372151e-01]
78 [-1.04369410e-01]
79 [-1.04366650e-01]
80 [-1.04363872e-01]
81 [-1.04361080e-01]
82 [-1.04358274e-01]
83 [-1.04355458e-01]
84 [-1.04352633e-01]
85 [-1.04349800e-01]
86 [-1.04346960e-01]
87 [-1.04344116e-01]
88 [-1.04341268e-01]
89 [-1.04338417e-01]
90 [-1.04335564e-01]
91 [-1.04332710e-01]
92 [-1.04329856e-01]
93 [-1.04327002e-01]
94 [-1.04324149e-01]
95 [-1.04321298e-01]
96 [-1.04318449e-01]
97 [-1.04315603e-01]
98 [-1.04312760e-01]
99 [-1.04309921e-01]
100 [-1.04307086e-01]
101 [-1.04304255e-01]
102 [-1.04301429e-01]
103 [-1.04298608e-01]
104 [-1.04295792e-01]
105 [-1.04292981e-01]
106 [-1.04290177e-01]
107 [-1.04287378e-01]
108 [-1.04284585e-01]
109 [-1.04281798e-01]
110 [-1.04279018e-01]
111 [-1.04276245e-01]
112 [-1.04273478e-01]
113 [-1.04270717e-01]
114 [-1.04267964e-01]
115 [-1.04265217e-01]
116 [-1.04262477e-01]
117 [-1.04259745e-01]
118 [-1.04257019e-01]
119 [-1.04254301e-01]
120 [-1.04251590e-01]
121 [-1.04248886e-01]
122 [-1.04246189e-01]
123 [-1.04243500e-01]
124 [-1.04240818e-01]
125 [-1.04238144e-01]
126 [-1.04235477e-01]
127 [-1.04232818e-01]
128 [-1.04230167e-01]
129 [-1.04227523e-01]
130 [-1.04224887e-01]
131 [-1.04222259e-01]
132 [-1.04219639e-01]
133 [-1.04217027e-01]
134 [-1.04214423e-01]
135 [-1.04211827e-01]
136 [-1.04209240e-01]
137 [-1.04206660e-01]
138 [-1.04204089e-01]
139 [-1.04201526e-01]
140 [-1.04198972e-01]
141 [-1.04196426e-01]
142 [-1.04193888e-01]
143 [-1.04191359e-01]
144 [-1.04188839e-01]
145 [-1.04186327e-01]
146 [-1.04183824e-01]
147 [-1.04181329e-01]
148 [-1.04178843e-01]
149 [-1.04176366e-01]
150 [-1.04173898e-01]
151 [-1.04171438e-01]
152 [-1.04168987e-01]
153 [-1.04166545e-01]
154 [-1.04164112e-01]
155 [-1.04161688e-01]
156 [-1.04159273e-01]
157 [-1.04156866e-01]
158 [-1.04154469e-01]
159 [-1.04152081e-01]
160 [-1.04149701e-01]
161 [-1.04147331e-01]
162 [-1.04144970e-01]
163 [-1.04142618e-01]
164 [-1.04140275e-01]
165 [-1.04137941e-01]
166 [-1.04135616e-01]
167 [-1.04133300e-01]
168 [-1.04130994e-01]
169 [-1.04128696e-01]
170 [-1.04126408e-01]
171 [-1.04124129e-01]
172 [-1.04121859e-01]
173 [-1.04119599e-01]
174 [-1.04117348e-01]
175 [-1.04115106e-01]
176 [-1.04112873e-01]
177 [-1.04110649e-01]
178 [-1.04108435e-01]
179 [-1.04106229e-01]
180 [-1.04104033e-01]
181 [-1.04101847e-01]
182 [-1.04099669e-01]
183 [-1.04097501e-01]
184 [-1.04095342e-01]
185 [-1.04093192e-01]
186 [-1.04091051e-01]
187 [-1.04088919e-01]
188 [-1.04086797e-01]
189 [-1.04084683e-01]
190 [-1.04082579e-01]
191 [-1.04080484e-01]
192 [-1.04078398e-01]
193 [-1.04076322e-01]
194 [-1.04074254e-01]
195 [-1.04072195e-01]
196 [-1.04070146e-01]
197 [-1.04068105e-01]
198 [-1.04066073e-01]
199 [-1.04064051e-01]
200 [-1.04062037e-01]
201 [-1.04060033e-01]
202 [-1.04058037e-01]
203 [-1.04056050e-01]
204 [-1.04054072e-01]
205 [-1.04052103e-01]
206 [-1.04050143e-01]
207 [-1.04048191e-01]
208 [-1.04046248e-01]
209 [-1.04044314e-01]
210 [-1.04042389e-01]
211 [-1.04040472e-01]
212 [-1.04038564e-01]
213 [-1.04036665e-01]
214 [-1.04034774e-01]
215 [-1.04032892e-01]
216 [-1.04031018e-01]
217 [-1.04029153e-01]
218 [-1.04027296e-01]
219 [-1.04025447e-01]
220 [-1.04023607e-01]
221 [-1.04021775e-01]
222 [-1.04019952e-01]
223 [-1.04018136e-01]
224 [-1.04016329e-01]
225 [-1.04014530e-01]
226 [-1.04012739e-01]
227 [-1.04010957e-01]
228 [-1.04009182e-01]
229 [-1.04007415e-01]
230 [-1.04005657e-01]
231 [-1.04003906e-01]
232 [-1.04002163e-01]
233 [-1.04000429e-01]
234 [-1.03998702e-01]
235 [-1.03996982e-01]
236 [-1.03995271e-01]
237 [-1.03993567e-01]
238 [-1.03991871e-01]
239 [-1.03990183e-01]
240 [-1.03988502e-01]
241 [-1.03986829e-01]
242 [-1.03985163e-01]
243 [-1.03983505e-01]
244 [-1.03981855e-01]
245 [-1.03980212e-01]
246 [-1.03978576e-01]
247 [-1.03976948e-01]
248 [-1.03975327e-01]
249 [-1.03973714e-01]
250 [-1.03972107e-01]
251 [-1.03970508e-01]
252 [-1.03968917e-01]
253 [-1.03967332e-01]
254 [-1.03965755e-01]
255 [-1.03964185e-01]
256 [-1.03962622e-01]
257 [-1.03961066e-01]
258 [-1.03959518e-01]
259 [-1.03957976e-01]
260 [-1.03956442e-01]
261 [-1.03954914e-01]
262 [-1.03953393e-01]
263 [-1.03951880e-01]
264 [-1.03950373e-01]
265 [-1.03948874e-01]
266 [-1.03947381e-01]
267 [-1.03945895e-01]
268 [-1.03944417e-01]
269 [-1.03942945e-01]
270 [-1.03941480e-01]
271 [-1.03940021e-01]
272 [-1.03938570e-01]
273 [-1.03937125e-01]
274 [-1.03935687e-01]
275 [-1.03934256e-01]
276 [-1.03932832e-01]
277 [-1.03931415e-01]
278 [-1.03930004e-01]
279 [-1.03928600e-01]
280 [-1.03927203e-01]
281 [-1.03925812e-01]
282 [-1.03924429e-01]
283 [-1.03923052e-01]
284 [-1.03921681e-01]
285 [-1.03920318e-01]
286 [-1.03918961e-01]
287 [-1.03917610e-01]
288 [-1.03916267e-01]
289 [-1.03914930e-01]
290 [-1.03913599e-01]
291 [-1.03912275e-01]
292 [-1.03910958e-01]
293 [-1.03909648e-01]
294 [-1.03908344e-01]
295 [-1.03907047e-01]
296 [-1.03905756e-01]
297 [-1.03904472e-01]
298 [-1.03903195e-01]
299 [-1.03901924e-01]
300 [-1.03900660e-01]
301 [-1.03899403e-01]
302 [-1.03898152e-01]
303 [-1.03896908e-01]
304 [-1.03895670e-01]
305 [-1.03894439e-01]
306 [-1.03893215e-01]
307 [-1.03891997e-01]
308 [-1.03890785e-01]
309 [-1.03889581e-01]
310 [-1.03888383e-01]
311 [-1.03887191e-01]
312 [-1.03886006e-01]
313 [-1.03884828e-01]
314 [-1.03883656e-01]
315 [-1.03882491e-01]
316 [-1.03881333e-01]
317 [-1.03880181e-01]
318 [-1.03879035e-01]
319 [-1.03877897e-01]
320 [-1.03876765e-01]
321 [-1.03875639e-01]
322 [-1.03874520e-01]
323 [-1.03873408e-01]
324 [-1.03872302e-01]
325 [-1.03871203e-01]
326 [-1.03870111e-01]
327 [-1.03869025e-01]
328 [-1.03867945e-01]
329 [-1.03866873e-01]
330 [-1.03865807e-01]
331 [-1.03864747e-01]
332 [-1.03863694e-01]
333 [-1.03862648e-01]
334 [-1.03861608e-01]
335 [-1.03860575e-01]
336 [-1.03859549e-01]
337 [-1.03858529e-01]
338 [-1.03857516e-01]
339 [-1.03856509e-01]
340 [-1.03855509e-01]
341 [-1.03854516e-01]
342 [-1.03853529e-01]
343 [-1.03852549e-01]
344 [-1.03851576e-01]
345 [-1.03850609e-01]
346 [-1.03849649e-01]
347 [-1.03848695e-01]
348 [-1.03847748e-01]
349 [-1.03846808e-01]
350 [-1.03845874e-01]
351 [-1.03844947e-01]
352 [-1.03844027e-01]
353 [-1.03843113e-01]
354 [-1.03842206e-01]
355 [-1.03841305e-01]
356 [-1.03840411e-01]
357 [-1.03839524e-01]
358 [-1.03838643e-01]
359 [-1.03837769e-01]
360 [-1.03836902e-01]
361 [-1.03836041e-01]
362 [-1.03835187e-01]
363 [-1.03834339e-01]
364 [-1.03833498e-01]
365 [-1.03832664e-01]
366 [-1.03831836e-01]
367 [-1.03831015e-01]
368 [-1.03830200e-01]
369 [-1.03829392e-01]
370 [-1.03828591e-01]
371 [-1.03827796e-01]
372 [-1.03827008e-01]
373 [-1.03826226e-01]
374 [-1.03825451e-01]
375 [-1.03824683e-01]
376 [-1.03823921e-01]
377 [-1.03823166e-01]
378 [-1.03822418e-01]
379 [-1.03821676e-01]
380 [-1.03820940e-01]
381 [-1.03820211e-01]
382 [-1.03819489e-01]
383 [-1.03818773e-01]
384 [-1.03818064e-01]
385 [-1.03817362e-01]
386 [-1.03816666e-01]
387 [-1.03815976e-01]
388 [-1.03815293e-01]
389 [-1.03814617e-01]
390 [-1.03813947e-01]
391 [-1.03813283e-01]
392 [-1.03812627e-01]
393 [-1.03811976e-01]
394 [-1.03811332e-01]
395 [-1.03810695e-01]
396 [-1.03810064e-01]
397 [-1.03809440e-01]
398 [-1.03808822e-01]
399 [-1.03808211e-01]
400 [-1.03807606e-01]
401 [-1.03807008e-01]
402 [-1.03806416e-01]
403 [-1.03805830e-01]
404 [-1.03805251e-01]
405 [-1.03804679e-01]
406 [-1.03804113e-01]
407 [-1.03803553e-01]
408 [-1.03803000e-01]
409 [-1.03802453e-01]
410 [-1.03801912e-01]
411 [-1.03801378e-01]
412 [-1.03800851e-01]
413 [-1.03800329e-01]
414 [-1.03799815e-01]
415 [-1.03799306e-01]
416 [-1.03798804e-01]
417 [-1.03798308e-01]
418 [-1.03797819e-01]
419 [-1.03797336e-01]
420 [-1.03796859e-01]
421 [-1.03796388e-01]
422 [-1.03795924e-01]
423 [-1.03795466e-01]
424 [-1.03795015e-01]
425 [-1.03794570e-01]
426 [-1.03794131e-01]
427 [-1.03793698e-01]
428 [-1.03793271e-01]
429 [-1.03792851e-01]
430 [-1.03792437e-01]
431 [-1.03792030e-01]
432 [-1.03791628e-01]
433 [-1.03791233e-01]
434 [-1.03790844e-01]
435 [-1.03790461e-01]
436 [-1.03790084e-01]
437 [-1.03789714e-01]
438 [-1.03789349e-01]
439 [-1.03788991e-01]
440 [-1.03788639e-01]
441 [-1.03788293e-01]
442 [-1.03787953e-01]
443 [-1.03787619e-01]
444 [-1.03787292e-01]
445 [-1.03786970e-01]
446 [-1.03786655e-01]
447 [-1.03786345e-01]
448 [-1.03786042e-01]
449 [-1.03785744e-01]
450 [-1.03785453e-01]
451 [-1.03785168e-01]
452 [-1.03784889e-01]
453 [-1.03784616e-01]
454 [-1.03784348e-01]
455 [-1.03784087e-01]
456 [-1.03783832e-01]
457 [-1.03783582e-01]
458 [-1.03783339e-01]
459 [-1.03783102e-01]
460 [-1.03782870e-01]
461 [-1.03782645e-01]
462 [-1.03782425e-01]
463 [-1.03782211e-01]
464 [-1.03782003e-01]
465 [-1.03781801e-01]
466 [-1.03781605e-01]
467 [-1.03781414e-01]
468 [-1.03781230e-01]
469 [-1.03781051e-01]
470 [-1.03780878e-01]
471 [-1.03780711e-01]
472 [-1.03780550e-01]
473 [-1.03780394e-01]
474 [-1.03780245e-01]
475 [-1.03780101e-01]
476 [-1.03779962e-01]
477 [-1.03779830e-01]
478 [-1.03779703e-01]
479 [-1.03779582e-01]
480 [-1.03779466e-01]
481 [-1.03779357e-01]
482 [-1.03779253e-01]
483 [-1.03779154e-01]
484 [-1.03779061e-01]
485 [-1.03778974e-01]
486 [-1.03778893e-01]
487 [-1.03778817e-01]
488 [-1.03778746e-01]
489 [-1.03778682e-01]
490 [-1.03778623e-01]
491 [-1.03778569e-01]
492 [-1.03778521e-01]
493 [-1.03778478e-01]
494 [-1.03778442e-01]
495 [-1.03778410e-01]
496 [-1.03778384e-01]
497 [-1.03778364e-01]
498 [-1.03778349e-01]
499 [-1.03778339e-01]
500 [-1.03778335e-01]
501 [-1.03778337e-01]
502 [-1.03778344e-01]
503 [-1.03778356e-01]
504 [-1.03778374e-01]
505 [-1.03778397e-01]
506 [-1.03778425e-01]
507 [-1.03778459e-01]
508 [-1.03778498e-01]
509 [-1.03778543e-01]
510 [-1.03778593e-01]
511 [-1.03778648e-01]
512 [-1.03778709e-01]
513 [-1.03778775e-01]
514 [-1.03778846e-01]
515 [-1.03778922e-01]
516 [-1.03779004e-01]
517 [-1.03779091e-01]
518 [-1.03779183e-01]
519 [-1.03779281e-01]
520 [-1.03779384e-01]
521 [-1.03779492e-01]
522 [-1.03779605e-01]
523 [-1.03779723e-01]
524 [-1.03779847e-01]
525 [-1.03779976e-01]
526 [-1.03780109e-01]
527 [-1.03780249e-01]
528 [-1.03780393e-01]
529 [-1.03780542e-01]
530 [-1.03780697e-01]
531 [-1.03780856e-01]
532 [-1.03781021e-01]
533 [-1.03781191e-01]
534 [-1.03781366e-01]
535 [-1.03781546e-01]
536 [-1.03781731e-01]
537 [-1.03781921e-01]
538 [-1.03782116e-01]
539 [-1.03782316e-01]
540 [-1.03782521e-01]
541 [-1.03782731e-01]
542 [-1.03782947e-01]
543 [-1.03783167e-01]
544 [-1.03783392e-01]
545 [-1.03783622e-01]
546 [-1.03783857e-01]
547 [-1.03784097e-01]
548 [-1.03784342e-01]
549 [-1.03784592e-01]
550 [-1.03784847e-01]
551 [-1.03785106e-01]
552 [-1.03785371e-01]
553 [-1.03785641e-01]
554 [-1.03785915e-01]
555 [-1.03786194e-01]
556 [-1.03786478e-01]
557 [-1.03786767e-01]
558 [-1.03787061e-01]
559 [-1.03787360e-01]
560 [-1.03787664e-01]
561 [-1.03787972e-01]
562 [-1.03788285e-01]
563 [-1.03788603e-01]
564 [-1.03788926e-01]
565 [-1.03789253e-01]
566 [-1.03789585e-01]
567 [-1.03789922e-01]
568 [-1.03790264e-01]
569 [-1.03790611e-01]
570 [-1.03790962e-01]
571 [-1.03791318e-01]
572 [-1.03791679e-01]
573 [-1.03792044e-01]
574 [-1.03792415e-01]
575 [-1.03792789e-01]
576 [-1.03793169e-01]
577 [-1.03793553e-01]
578 [-1.03793942e-01]
579 [-1.03794336e-01]
580 [-1.03794734e-01]
581 [-1.03795137e-01]
582 [-1.03795544e-01]
583 [-1.03795956e-01]
584 [-1.03796373e-01]
585 [-1.03796794e-01]
586 [-1.03797220e-01]
587 [-1.03797651e-01]
588 [-1.03798086e-01]
589 [-1.03798526e-01]
590 [-1.03798970e-01]
591 [-1.03799419e-01]
592 [-1.03799873e-01]
593 [-1.03800331e-01]
594 [-1.03800793e-01]
595 [-1.03801260e-01]
596 [-1.03801732e-01]
597 [-1.03802208e-01]
598 [-1.03802689e-01]
599 [-1.03803174e-01]
600 [-1.03803664e-01]
601 [-1.03804158e-01]
602 [-1.03804656e-01]
603 [-1.03805160e-01]
604 [-1.03805667e-01]
605 [-1.03806179e-01]
606 [-1.03806696e-01]
607 [-1.03807217e-01]
608 [-1.03807742e-01]
609 [-1.03808272e-01]
610 [-1.03808807e-01]
611 [-1.03809345e-01]
612 [-1.03809888e-01]
613 [-1.03810436e-01]
614 [-1.03810988e-01]
615 [-1.03811545e-01]
616 [-1.03812105e-01]
617 [-1.03812671e-01]
618 [-1.03813240e-01]
619 [-1.03813814e-01]
620 [-1.03814392e-01]
621 [-1.03814975e-01]
622 [-1.03815562e-01]
623 [-1.03816153e-01]
624 [-1.03816749e-01]
625 [-1.03817349e-01]
626 [-1.03817954e-01]
627 [-1.03818562e-01]
628 [-1.03819176e-01]
629 [-1.03819793e-01]
630 [-1.03820415e-01]
631 [-1.03821041e-01]
632 [-1.03821671e-01]
633 [-1.03822305e-01]
634 [-1.03822944e-01]
635 [-1.03823587e-01]
636 [-1.03824235e-01]
637 [-1.03824887e-01]
638 [-1.03825543e-01]
639 [-1.03826203e-01]
640 [-1.03826867e-01]
641 [-1.03827536e-01]
642 [-1.03828209e-01]
643 [-1.03828886e-01]
644 [-1.03829567e-01]
645 [-1.03830253e-01]
646 [-1.03830943e-01]
647 [-1.03831637e-01]
648 [-1.03832335e-01]
649 [-1.03833038e-01]
650 [-1.03833744e-01]
651 [-1.03834455e-01]
652 [-1.03835170e-01]
653 [-1.03835890e-01]
654 [-1.03836613e-01]
655 [-1.03837341e-01]
656 [-1.03838072e-01]
657 [-1.03838808e-01]
658 [-1.03839548e-01]
659 [-1.03840293e-01]
660 [-1.03841041e-01]
661 [-1.03841793e-01]
662 [-1.03842550e-01]
663 [-1.03843311e-01]
664 [-1.03844076e-01]
665 [-1.03844845e-01]
666 [-1.03845618e-01]
667 [-1.03846395e-01]
668 [-1.03847176e-01]
669 [-1.03847962e-01]
670 [-1.03848751e-01]
671 [-1.03849545e-01]
672 [-1.03850343e-01]
673 [-1.03851144e-01]
674 [-1.03851950e-01]
675 [-1.03852760e-01]
676 [-1.03853574e-01]
677 [-1.03854392e-01]
678 [-1.03855214e-01]
679 [-1.03856041e-01]
680 [-1.03856871e-01]
681 [-1.03857705e-01]
682 [-1.03858543e-01]
683 [-1.03859385e-01]
684 [-1.03860232e-01]
685 [-1.03861082e-01]
686 [-1.03861937e-01]
687 [-1.03862795e-01]
688 [-1.03863657e-01]
689 [-1.03864524e-01]
690 [-1.03865394e-01]
691 [-1.03866268e-01]
692 [-1.03867147e-01]
693 [-1.03868029e-01]
694 [-1.03868915e-01]
695 [-1.03869806e-01]
696 [-1.03870700e-01]
697 [-1.03871598e-01]
698 [-1.03872500e-01]
699 [-1.03873406e-01]
700 [-1.03874316e-01]
701 [-1.03875230e-01]
702 [-1.03876148e-01]
703 [-1.03877070e-01]
704 [-1.03877996e-01]
705 [-1.03878926e-01]
706 [-1.03879859e-01]
707 [-1.03880797e-01]
708 [-1.03881738e-01]
709 [-1.03882684e-01]
710 [-1.03883633e-01]
711 [-1.03884586e-01]
712 [-1.03885543e-01]
713 [-1.03886504e-01]
714 [-1.03887469e-01]
715 [-1.03888437e-01]
716 [-1.03889410e-01]
717 [-1.03890386e-01]
718 [-1.03891366e-01]
719 [-1.03892351e-01]
720 [-1.03893338e-01]
721 [-1.03894330e-01]
722 [-1.03895326e-01]
723 [-1.03896325e-01]
724 [-1.03897329e-01]
725 [-1.03898336e-01]
726 [-1.03899347e-01]
727 [-1.03900361e-01]
728 [-1.03901380e-01]
729 [-1.03902402e-01]
730 [-1.03903428e-01]
731 [-1.03904458e-01]
732 [-1.03905492e-01]
733 [-1.03906530e-01]
734 [-1.03907571e-01]
735 [-1.03908616e-01]
736 [-1.03909665e-01]
737 [-1.03910717e-01]
738 [-1.03911774e-01]
739 [-1.03912834e-01]
740 [-1.03913898e-01]
741 [-1.03914965e-01]
742 [-1.03916036e-01]
743 [-1.03917111e-01]
744 [-1.03918190e-01]
745 [-1.03919273e-01]
746 [-1.03920359e-01]
747 [-1.03921449e-01]
748 [-1.03922542e-01]
749 [-1.03923640e-01]
750 [-1.03924741e-01]
751 [-1.03925845e-01]
752 [-1.03926954e-01]
753 [-1.03928066e-01]
754 [-1.03929181e-01]
755 [-1.03930301e-01]
756 [-1.03931424e-01]
757 [-1.03932550e-01]
758 [-1.03933681e-01]
759 [-1.03934815e-01]
760 [-1.03935952e-01]
761 [-1.03937094e-01]
762 [-1.03938238e-01]
763 [-1.03939387e-01]
764 [-1.03940539e-01]
765 [-1.03941695e-01]
766 [-1.03942854e-01]
767 [-1.03944017e-01]
768 [-1.03945183e-01]
769 [-1.03946353e-01]
770 [-1.03947527e-01]
771 [-1.03948704e-01]
772 [-1.03949885e-01]
773 [-1.03951069e-01]
774 [-1.03952257e-01]
775 [-1.03953449e-01]
776 [-1.03954644e-01]
777 [-1.03955842e-01]
778 [-1.03957044e-01]
779 [-1.03958250e-01]
780 [-1.03959459e-01]
781 [-1.03960672e-01]
782 [-1.03961888e-01]
783 [-1.03963107e-01]
784 [-1.03964330e-01]
785 [-1.03965557e-01]
786 [-1.03966787e-01]
787 [-1.03968021e-01]
788 [-1.03969258e-01]
789 [-1.03970498e-01]
790 [-1.03971742e-01]
791 [-1.03972990e-01]
792 [-1.03974241e-01]
793 [-1.03975495e-01]
794 [-1.03976753e-01]
795 [-1.03978014e-01]
796 [-1.03979279e-01]
797 [-1.03980547e-01]
798 [-1.03981818e-01]
799 [-1.03983093e-01]
800 [-1.03984371e-01]
801 [-1.03985653e-01]
802 [-1.03986938e-01]
803 [-1.03988226e-01]
804 [-1.03989518e-01]
805 [-1.03990813e-01]
806 [-1.03992111e-01]
807 [-1.03993413e-01]
808 [-1.03994718e-01]
809 [-1.03996027e-01]
810 [-1.03997339e-01]
811 [-1.03998654e-01]
812 [-1.03999972e-01]
813 [-1.04001294e-01]
814 [-1.04002619e-01]
815 [-1.04003948e-01]
816 [-1.04005279e-01]
817 [-1.04006614e-01]
818 [-1.04007952e-01]
819 [-1.04009294e-01]
820 [-1.04010639e-01]
821 [-1.04011987e-01]
822 [-1.04013338e-01]
823 [-1.04014693e-01]
824 [-1.04016050e-01]
825 [-1.04017411e-01]
826 [-1.04018776e-01]
827 [-1.04020143e-01]
828 [-1.04021514e-01]
829 [-1.04022888e-01]
830 [-1.04024265e-01]
831 [-1.04025645e-01]
832 [-1.04027029e-01]
833 [-1.04028415e-01]
834 [-1.04029805e-01]
835 [-1.04031198e-01]
836 [-1.04032594e-01]
837 [-1.04033993e-01]
838 [-1.04035396e-01]
839 [-1.04036801e-01]
840 [-1.04038210e-01]
841 [-1.04039622e-01]
842 [-1.04041037e-01]
843 [-1.04042455e-01]
844 [-1.04043876e-01]
845 [-1.04045300e-01]
846 [-1.04046727e-01]
847 [-1.04048158e-01]
848 [-1.04049591e-01]
849 [-1.04051028e-01]
850 [-1.04052467e-01]
851 [-1.04053910e-01]
852 [-1.04055355e-01]
853 [-1.04056804e-01]
854 [-1.04058256e-01]
855 [-1.04059711e-01]
856 [-1.04061168e-01]
857 [-1.04062629e-01]
858 [-1.04064093e-01]
859 [-1.04065560e-01]
860 [-1.04067030e-01]
861 [-1.04068502e-01]
862 [-1.04069978e-01]
863 [-1.04071457e-01]
864 [-1.04072938e-01]
865 [-1.04074423e-01]
866 [-1.04075910e-01]
867 [-1.04077401e-01]
868 [-1.04078894e-01]
869 [-1.04080391e-01]
870 [-1.04081890e-01]
871 [-1.04083392e-01]
872 [-1.04084897e-01]
873 [-1.04086405e-01]
874 [-1.04087916e-01]
875 [-1.04089430e-01]
876 [-1.04090946e-01]
877 [-1.04092466e-01]
878 [-1.04093988e-01]
879 [-1.04095513e-01]
880 [-1.04097041e-01]
881 [-1.04098572e-01]
882 [-1.04100106e-01]
883 [-1.04101642e-01]
884 [-1.04103182e-01]
885 [-1.04104724e-01]
886 [-1.04106269e-01]
887 [-1.04107816e-01]
888 [-1.04109367e-01]
889 [-1.04110920e-01]
890 [-1.04112476e-01]
891 [-1.04114035e-01]
892 [-1.04115597e-01]
893 [-1.04117161e-01]
894 [-1.04118728e-01]
895 [-1.04120298e-01]
896 [-1.04121870e-01]
897 [-1.04123446e-01]
898 [-1.04125024e-01]
899 [-1.04126604e-01]
900 [-1.04128188e-01]
901 [-1.04129774e-01]
902 [-1.04131363e-01]
903 [-1.04132954e-01]
904 [-1.04134548e-01]
905 [-1.04136145e-01]
906 [-1.04137744e-01]
907 [-1.04139346e-01]
908 [-1.04140951e-01]
909 [-1.04142558e-01]
910 [-1.04144168e-01]
911 [-1.04145781e-01]
912 [-1.04147396e-01]
913 [-1.04149014e-01]
914 [-1.04150635e-01]
915 [-1.04152258e-01]
916 [-1.04153883e-01]
917 [-1.04155511e-01]
918 [-1.04157142e-01]
919 [-1.04158776e-01]
920 [-1.04160411e-01]
921 [-1.04162050e-01]
922 [-1.04163691e-01]
923 [-1.04165334e-01]
924 [-1.04166981e-01]
925 [-1.04168629e-01]
926 [-1.04170280e-01]
927 [-1.04171934e-01]
928 [-1.04173590e-01]
929 [-1.04175249e-01]
930 [-1.04176910e-01]
931 [-1.04178573e-01]
932 [-1.04180239e-01]
933 [-1.04181908e-01]
934 [-1.04183579e-01]
935 [-1.04185252e-01]
936 [-1.04186928e-01]
937 [-1.04188606e-01]
938 [-1.04190287e-01]
939 [-1.04191970e-01]
940 [-1.04193656e-01]
941 [-1.04195344e-01]
942 [-1.04197034e-01]
943 [-1.04198727e-01]
944 [-1.04200423e-01]
945 [-1.04202120e-01]
946 [-1.04203820e-01]
947 [-1.04205523e-01]
948 [-1.04207227e-01]
949 [-1.04208934e-01]
950 [-1.04210644e-01]
951 [-1.04212356e-01]
952 [-1.04214070e-01]
953 [-1.04215786e-01]
954 [-1.04217505e-01]
955 [-1.04219226e-01]
956 [-1.04220950e-01]
957 [-1.04222675e-01]
958 [-1.04224403e-01]
959 [-1.04226134e-01]
960 [-1.04227866e-01]
961 [-1.04229601e-01]
962 [-1.04231338e-01]
963 [-1.04233078e-01]
964 [-1.04234820e-01]
965 [-1.04236564e-01]
966 [-1.04238310e-01]
967 [-1.04240058e-01]
968 [-1.04241809e-01]
969 [-1.04243562e-01]
970 [-1.04245317e-01]
971 [-1.04247075e-01]
972 [-1.04248834e-01]
973 [-1.04250596e-01]
974 [-1.04252360e-01]
975 [-1.04254126e-01]
976 [-1.04255894e-01]
977 [-1.04257665e-01]
978 [-1.04259438e-01]
979 [-1.04261213e-01]
980 [-1.04262990e-01]
981 [-1.04264769e-01]
982 [-1.04266550e-01]
983 [-1.04268334e-01]
984 [-1.04270120e-01]
985 [-1.04271907e-01]
986 [-1.04273697e-01]
987 [-1.04275489e-01]
988 [-1.04277283e-01]
989 [-1.04279080e-01]
990 [-1.04280878e-01]
991 [-1.04282679e-01]
992 [-1.04284481e-01]
993 [-1.04286286e-01]
994 [-1.04288092e-01]
995 [-1.04289901e-01]
996 [-1.04291712e-01]
997 [-1.04293525e-01]
998 [-1.04295340e-01]
999 [-1.04297157e-01]
1000 [-1.04298976e-01]
1001 [-1.04300797e-01]
1002 [-1.04302620e-01]
1003 [-1.04304446e-01]
1004 [-1.04306273e-01]
1005 [-1.04308102e-01]
1006 [-1.04309933e-01]
1007 [-1.04311767e-01]
1008 [-1.04313602e-01]
1009 [-1.04315439e-01]
1010 [-1.04317278e-01]
1011 [-1.04319120e-01]
1012 [-1.04320963e-01]
1013 [-1.04322808e-01]
1014 [-1.04324655e-01]
1015 [-1.04326504e-01]
1016 [-1.04328355e-01]
1017 [-1.04330208e-01]
1018 [-1.04332063e-01]
1019 [-1.04333920e-01]
1020 [-1.04335779e-01]
1021 [-1.04337640e-01]
1022 [-1.04339502e-01]
1023 [-1.04341367e-01]
1024 [-1.04343234e-01]
1025 [-1.04345102e-01]
1026 [-1.04346972e-01]
1027 [-1.04348845e-01]
1028 [-1.04350719e-01]
1029 [-1.04352595e-01]
1030 [-1.04354473e-01]
1031 [-1.04356353e-01]
1032 [-1.04358234e-01]
1033 [-1.04360118e-01]
1034 [-1.04362003e-01]
1035 [-1.04363890e-01]
1036 [-1.04365780e-01]
1037 [-1.04367671e-01]
1038 [-1.04369563e-01]
1039 [-1.04371458e-01]
1040 [-1.04373355e-01]
1041 [-1.04375253e-01]
1042 [-1.04377153e-01]
1043 [-1.04379055e-01]
1044 [-1.04380959e-01]
1045 [-1.04382864e-01]
1046 [-1.04384772e-01]
1047 [-1.04386681e-01]
1048 [-1.04388592e-01]
1049 [-1.04390505e-01]
1050 [-1.04392420e-01]
1051 [-1.04394336e-01]
1052 [-1.04396254e-01]
1053 [-1.04398174e-01]
1054 [-1.04400096e-01]
1055 [-1.04402019e-01]
1056 [-1.04403945e-01]
1057 [-1.04405872e-01]
1058 [-1.04407800e-01]
1059 [-1.04409731e-01]
1060 [-1.04411663e-01]
1061 [-1.04413597e-01]
1062 [-1.04415533e-01]
1063 [-1.04417470e-01]
1064 [-1.04419410e-01]
1065 [-1.04421351e-01]
1066 [-1.04423293e-01]
1067 [-1.04425238e-01]
1068 [-1.04427184e-01]
1069 [-1.04429131e-01]
1070 [-1.04431081e-01]
1071 [-1.04433032e-01]
1072 [-1.04434985e-01]
1073 [-1.04436939e-01]
1074 [-1.04438896e-01]
1075 [-1.04440854e-01]
1076 [-1.04442813e-01]
1077 [-1.04444775e-01]
1078 [-1.04446738e-01]
1079 [-1.04448702e-01]
1080 [-1.04450668e-01]
1081 [-1.04452636e-01]
1082 [-1.04454606e-01]
1083 [-1.04456577e-01]
1084 [-1.04458550e-01]
1085 [-1.04460525e-01]
1086 [-1.04462501e-01]
1087 [-1.04464479e-01]
1088 [-1.04466458e-01]
1089 [-1.04468439e-01]
1090 [-1.04470422e-01]
1091 [-1.04472406e-01]
1092 [-1.04474392e-01]
1093 [-1.04476380e-01]
1094 [-1.04478369e-01]
1095 [-1.04480360e-01]
1096 [-1.04482352e-01]
1097 [-1.04484346e-01]
1098 [-1.04486341e-01]
1099 [-1.04488339e-01]
1100 [-1.04490337e-01]
1101 [-1.04492338e-01]
1102 [-1.04494340e-01]
1103 [-1.04496343e-01]
1104 [-1.04498348e-01]
1105 [-1.04500355e-01]
1106 [-1.04502363e-01]
1107 [-1.04504373e-01]
1108 [-1.04506384e-01]
1109 [-1.04508397e-01]
1110 [-1.04510411e-01]
1111 [-1.04512427e-01]
1112 [-1.04514445e-01]
1113 [-1.04516464e-01]
1114 [-1.04518484e-01]
1115 [-1.04520507e-01]
1116 [-1.04522530e-01]
1117 [-1.04524555e-01]
1118 [-1.04526582e-01]
1119 [-1.04528610e-01]
1120 [-1.04530640e-01]
1121 [-1.04532671e-01]
1122 [-1.04534704e-01]
1123 [-1.04536739e-01]
1124 [-1.04538774e-01]
1125 [-1.04540812e-01]
1126 [-1.04542851e-01]
1127 [-1.04544891e-01]
1128 [-1.04546933e-01]
1129 [-1.04548976e-01]
1130 [-1.04551021e-01]
1131 [-1.04553067e-01]
1132 [-1.04555115e-01]
1133 [-1.04557164e-01]
1134 [-1.04559215e-01]
1135 [-1.04561267e-01]
1136 [-1.04563321e-01]
1137 [-1.04565376e-01]
1138 [-1.04567433e-01]
1139 [-1.04569491e-01]
1140 [-1.04571550e-01]
1141 [-1.04573611e-01]
1142 [-1.04575674e-01]
1143 [-1.04577737e-01]
1144 [-1.04579803e-01]
1145 [-1.04581870e-01]
1146 [-1.04583938e-01]
1147 [-1.04586008e-01]
1148 [-1.04588079e-01]
1149 [-1.04590151e-01]
1150 [-1.04592225e-01]
1151 [-1.04594301e-01]
1152 [-1.04596377e-01]
1153 [-1.04598456e-01]
1154 [-1.04600535e-01]
1155 [-1.04602616e-01]
1156 [-1.04604699e-01]
1157 [-1.04606783e-01]
1158 [-1.04608868e-01]
1159 [-1.04610955e-01]
1160 [-1.04613043e-01]
1161 [-1.04615133e-01]
1162 [-1.04617224e-01]
1163 [-1.04619316e-01]
1164 [-1.04621410e-01]
1165 [-1.04623505e-01]
1166 [-1.04625602e-01]
1167 [-1.04627699e-01]
1168 [-1.04629799e-01]
1169 [-1.04631899e-01]
1170 [-1.04634002e-01]
1171 [-1.04636105e-01]
1172 [-1.04638210e-01]
1173 [-1.04640316e-01]
1174 [-1.04642424e-01]
1175 [-1.04644532e-01]
1176 [-1.04646643e-01]
1177 [-1.04648754e-01]
1178 [-1.04650867e-01]
1179 [-1.04652982e-01]
1180 [-1.04655098e-01]
1181 [-1.04657215e-01]
1182 [-1.04659333e-01]
1183 [-1.04661453e-01]
1184 [-1.04663574e-01]
1185 [-1.04665697e-01]
1186 [-1.04667820e-01]
1187 [-1.04669946e-01]
1188 [-1.04672072e-01]
1189 [-1.04674200e-01]
1190 [-1.04676329e-01]
1191 [-1.04678460e-01]
1192 [-1.04680592e-01]
1193 [-1.04682725e-01]
1194 [-1.04684859e-01]
1195 [-1.04686995e-01]
1196 [-1.04689132e-01]
1197 [-1.04691271e-01]
1198 [-1.04693410e-01]
1199 [-1.04695551e-01]
1200 [-1.04697694e-01]
1201 [-1.04699838e-01]
1202 [-1.04701983e-01]
1203 [-1.04704129e-01]
1204 [-1.04706277e-01]
1205 [-1.04708425e-01]
1206 [-1.04710576e-01]
1207 [-1.04712727e-01]
1208 [-1.04714880e-01]
1209 [-1.04717034e-01]
1210 [-1.04719190e-01]
1211 [-1.04721346e-01]
1212 [-1.04723504e-01]
1213 [-1.04725663e-01]
1214 [-1.04727824e-01]
1215 [-1.04729986e-01]
1216 [-1.04732149e-01]
1217 [-1.04734313e-01]
1218 [-1.04736479e-01]
1219 [-1.04738646e-01]
1220 [-1.04740814e-01]
1221 [-1.04742984e-01]
1222 [-1.04745154e-01]
1223 [-1.04747326e-01]
1224 [-1.04749500e-01]
1225 [-1.04751674e-01]
1226 [-1.04753850e-01]
1227 [-1.04756027e-01]
1228 [-1.04758205e-01]
1229 [-1.04760385e-01]
1230 [-1.04762566e-01]
1231 [-1.04764748e-01]
1232 [-1.04766931e-01]
1233 [-1.04769116e-01]
1234 [-1.04771301e-01]
1235 [-1.04773488e-01]
1236 [-1.04775677e-01]
1237 [-1.04777866e-01]
1238 [-1.04780057e-01]
1239 [-1.04782249e-01]
1240 [-1.04784442e-01]
1241 [-1.04786637e-01]
1242 [-1.04788832e-01]
1243 [-1.04791029e-01]
1244 [-1.04793227e-01]
1245 [-1.04795427e-01]
1246 [-1.04797627e-01]
1247 [-1.04799829e-01]
1248 [-1.04802032e-01]
1249 [-1.04804236e-01]
1250 [-1.04806442e-01]
1251 [-1.04808648e-01]
1252 [-1.04810856e-01]
1253 [-1.04813065e-01]
1254 [-1.04815276e-01]
1255 [-1.04817487e-01]
1256 [-1.04819700e-01]
1257 [-1.04821914e-01]
1258 [-1.04824129e-01]
1259 [-1.04826345e-01]
1260 [-1.04828563e-01]
1261 [-1.04830781e-01]
1262 [-1.04833001e-01]
1263 [-1.04835222e-01]
1264 [-1.04837445e-01]
1265 [-1.04839668e-01]
1266 [-1.04841893e-01]
1267 [-1.04844119e-01]
1268 [-1.04846346e-01]
1269 [-1.04848574e-01]
1270 [-1.04850803e-01]
1271 [-1.04853034e-01]
1272 [-1.04855265e-01]
1273 [-1.04857498e-01]
1274 [-1.04859732e-01]
1275 [-1.04861968e-01]
1276 [-1.04864204e-01]
1277 [-1.04866442e-01]
1278 [-1.04868681e-01]
1279 [-1.04870920e-01]
1280 [-1.04873162e-01]
1281 [-1.04875404e-01]
1282 [-1.04877647e-01]
1283 [-1.04879892e-01]
1284 [-1.04882138e-01]
1285 [-1.04884384e-01]
1286 [-1.04886633e-01]
1287 [-1.04888882e-01]
1288 [-1.04891132e-01]
1289 [-1.04893384e-01]
1290 [-1.04895636e-01]
1291 [-1.04897890e-01]
1292 [-1.04900145e-01]
1293 [-1.04902401e-01]
1294 [-1.04904658e-01]
1295 [-1.04906917e-01]
1296 [-1.04909176e-01]
1297 [-1.04911437e-01]
1298 [-1.04913699e-01]
1299 [-1.04915961e-01]
1300 [-1.04918225e-01]
1301 [-1.04920491e-01]
1302 [-1.04922757e-01]
1303 [-1.04925024e-01]
1304 [-1.04927293e-01]
1305 [-1.04929563e-01]
1306 [-1.04931833e-01]
1307 [-1.04934105e-01]
1308 [-1.04936378e-01]
1309 [-1.04938652e-01]
1310 [-1.04940928e-01]
1311 [-1.04943204e-01]
1312 [-1.04945482e-01]
1313 [-1.04947760e-01]
1314 [-1.04950040e-01]
1315 [-1.04952321e-01]
1316 [-1.04954603e-01]
1317 [-1.04956886e-01]
1318 [-1.04959170e-01]
1319 [-1.04961455e-01]
1320 [-1.04963741e-01]
1321 [-1.04966029e-01]
1322 [-1.04968317e-01]
1323 [-1.04970607e-01]
1324 [-1.04972898e-01]
1325 [-1.04975189e-01]
1326 [-1.04977482e-01]
1327 [-1.04979776e-01]
1328 [-1.04982071e-01]
1329 [-1.04984367e-01]
1330 [-1.04986665e-01]
1331 [-1.04988963e-01]
1332 [-1.04991262e-01]
1333 [-1.04993563e-01]
1334 [-1.04995864e-01]
1335 [-1.04998167e-01]
1336 [-1.05000471e-01]
1337 [-1.05002776e-01]
1338 [-1.05005081e-01]
1339 [-1.05007388e-01]
1340 [-1.05009696e-01]
1341 [-1.05012005e-01]
1342 [-1.05014315e-01]
1343 [-1.05016627e-01]
1344 [-1.05018939e-01]
1345 [-1.05021252e-01]
1346 [-1.05023567e-01]
1347 [-1.05025882e-01]
1348 [-1.05028198e-01]
1349 [-1.05030516e-01]
1350 [-1.05032835e-01]
1351 [-1.05035154e-01]
1352 [-1.05037475e-01]
1353 [-1.05039797e-01]
1354 [-1.05042119e-01]
1355 [-1.05044443e-01]
1356 [-1.05046768e-01]
1357 [-1.05049094e-01]
1358 [-1.05051421e-01]
1359 [-1.05053749e-01]
1360 [-1.05056078e-01]
1361 [-1.05058408e-01]
1362 [-1.05060739e-01]
1363 [-1.05063071e-01]
1364 [-1.05065404e-01]
1365 [-1.05067738e-01]
1366 [-1.05070074e-01]
1367 [-1.05072410e-01]
1368 [-1.05074747e-01]
1369 [-1.05077085e-01]
1370 [-1.05079425e-01]
1371 [-1.05081765e-01]
1372 [-1.05084106e-01]
1373 [-1.05086449e-01]
1374 [-1.05088792e-01]
1375 [-1.05091136e-01]
1376 [-1.05093482e-01]
1377 [-1.05095828e-01]
1378 [-1.05098175e-01]
1379 [-1.05100524e-01]
1380 [-1.05102873e-01]
1381 [-1.05105224e-01]
1382 [-1.05107575e-01]
1383 [-1.05109927e-01]
1384 [-1.05112281e-01]
1385 [-1.05114635e-01]
1386 [-1.05116991e-01]
1387 [-1.05119347e-01]
1388 [-1.05121704e-01]
1389 [-1.05124063e-01]
1390 [-1.05126422e-01]
1391 [-1.05128782e-01]
1392 [-1.05131144e-01]
1393 [-1.05133506e-01]
1394 [-1.05135869e-01]
1395 [-1.05138233e-01]
1396 [-1.05140599e-01]
1397 [-1.05142965e-01]
1398 [-1.05145332e-01]
1399 [-1.05147700e-01]
1400 [-1.05150069e-01]
1401 [-1.05152440e-01]
1402 [-1.05154811e-01]
1403 [-1.05157183e-01]
1404 [-1.05159556e-01]
1405 [-1.05161930e-01]
1406 [-1.05164304e-01]
1407 [-1.05166680e-01]
1408 [-1.05169057e-01]
1409 [-1.05171435e-01]
1410 [-1.05173814e-01]
1411 [-1.05176193e-01]
1412 [-1.05178574e-01]
1413 [-1.05180956e-01]
1414 [-1.05183338e-01]
1415 [-1.05185722e-01]
1416 [-1.05188106e-01]
1417 [-1.05190492e-01]
1418 [-1.05192878e-01]
1419 [-1.05195265e-01]
1420 [-1.05197653e-01]
1421 [-1.05200042e-01]
1422 [-1.05202432e-01]
1423 [-1.05204823e-01]
1424 [-1.05207215e-01]
1425 [-1.05209608e-01]
1426 [-1.05212002e-01]
1427 [-1.05214397e-01]
1428 [-1.05216792e-01]
1429 [-1.05219189e-01]
1430 [-1.05221586e-01]
1431 [-1.05223985e-01]
1432 [-1.05226384e-01]
1433 [-1.05228784e-01]
1434 [-1.05231185e-01]
1435 [-1.05233587e-01]
1436 [-1.05235990e-01]
1437 [-1.05238394e-01]
1438 [-1.05240799e-01]
1439 [-1.05243205e-01]
1440 [-1.05245611e-01]
1441 [-1.05248019e-01]
1442 [-1.05250427e-01]
1443 [-1.05252836e-01]
1444 [-1.05255246e-01]
1445 [-1.05257657e-01]
1446 [-1.05260069e-01]
1447 [-1.05262482e-01]
1448 [-1.05264896e-01]
1449 [-1.05267310e-01]
1450 [-1.05269726e-01]
1451 [-1.05272142e-01]
1452 [-1.05274559e-01]
1453 [-1.05276978e-01]
1454 [-1.05279396e-01]
1455 [-1.05281816e-01]
1456 [-1.05284237e-01]
1457 [-1.05286659e-01]
1458 [-1.05289081e-01]
1459 [-1.05291504e-01]
1460 [-1.05293929e-01]
1461 [-1.05296354e-01]
1462 [-1.05298780e-01]
1463 [-1.05301206e-01]
1464 [-1.05303634e-01]
1465 [-1.05306063e-01]
1466 [-1.05308492e-01]
1467 [-1.05310922e-01]
1468 [-1.05313353e-01]
1469 [-1.05315785e-01]
1470 [-1.05318218e-01]
1471 [-1.05320651e-01]
1472 [-1.05323086e-01]
1473 [-1.05325521e-01]
1474 [-1.05327957e-01]
1475 [-1.05330394e-01]
1476 [-1.05332832e-01]
1477 [-1.05335270e-01]
1478 [-1.05337710e-01]
1479 [-1.05340150e-01]
1480 [-1.05342591e-01]
1481 [-1.05345033e-01]
1482 [-1.05347476e-01]
1483 [-1.05349919e-01]
1484 [-1.05352364e-01]
1485 [-1.05354809e-01]
1486 [-1.05357255e-01]
1487 [-1.05359702e-01]
1488 [-1.05362150e-01]
1489 [-1.05364598e-01]
1490 [-1.05367047e-01]
1491 [-1.05369497e-01]
1492 [-1.05371948e-01]
1493 [-1.05374400e-01]
1494 [-1.05376852e-01]
1495 [-1.05379305e-01]
1496 [-1.05381760e-01]
1497 [-1.05384214e-01]
1498 [-1.05386670e-01]
1499 [-1.05389126e-01]
1500 [-1.05391584e-01]
1501 [-1.05394042e-01]
1502 [-1.05396500e-01]
1503 [-1.05398960e-01]
1504 [-1.05401420e-01]
1505 [-1.05403881e-01]
1506 [-1.05406343e-01]
1507 [-1.05408806e-01]
1508 [-1.05411269e-01]
1509 [-1.05413733e-01]
1510 [-1.05416198e-01]
1511 [-1.05418664e-01]
1512 [-1.05421131e-01]
1513 [-1.05423598e-01]
1514 [-1.05426066e-01]
1515 [-1.05428535e-01]
1516 [-1.05431004e-01]
1517 [-1.05433474e-01]
1518 [-1.05435945e-01]
1519 [-1.05438417e-01]
1520 [-1.05440890e-01]
1521 [-1.05443363e-01]
1522 [-1.05445837e-01]
1523 [-1.05448312e-01]
1524 [-1.05450787e-01]
1525 [-1.05453263e-01]
1526 [-1.05455740e-01]
1527 [-1.05458218e-01]
1528 [-1.05460696e-01]
1529 [-1.05463176e-01]
1530 [-1.05465655e-01]
1531 [-1.05468136e-01]
1532 [-1.05470617e-01]
1533 [-1.05473099e-01]
1534 [-1.05475582e-01]
1535 [-1.05478065e-01]
1536 [-1.05480550e-01]
1537 [-1.05483034e-01]
1538 [-1.05485520e-01]
1539 [-1.05488006e-01]
1540 [-1.05490493e-01]
1541 [-1.05492981e-01]
1542 [-1.05495469e-01]
1543 [-1.05497958e-01]
1544 [-1.05500448e-01]
1545 [-1.05502939e-01]
1546 [-1.05505430e-01]
1547 [-1.05507922e-01]
1548 [-1.05510414e-01]
1549 [-1.05512907e-01]
1550 [-1.05515401e-01]
1551 [-1.05517896e-01]
1552 [-1.05520391e-01]
1553 [-1.05522887e-01]
1554 [-1.05525384e-01]
1555 [-1.05527881e-01]
1556 [-1.05530379e-01]
1557 [-1.05532877e-01]
1558 [-1.05535377e-01]
1559 [-1.05537877e-01]
1560 [-1.05540377e-01]
1561 [-1.05542878e-01]
1562 [-1.05545380e-01]
1563 [-1.05547883e-01]
1564 [-1.05550386e-01]
1565 [-1.05552890e-01]
1566 [-1.05555394e-01]
1567 [-1.05557900e-01]
1568 [-1.05560405e-01]
1569 [-1.05562912e-01]
1570 [-1.05565419e-01]
1571 [-1.05567927e-01]
1572 [-1.05570435e-01]
1573 [-1.05572944e-01]
1574 [-1.05575453e-01]
1575 [-1.05577964e-01]
1576 [-1.05580475e-01]
1577 [-1.05582986e-01]
1578 [-1.05585498e-01]
1579 [-1.05588011e-01]
1580 [-1.05590524e-01]
1581 [-1.05593038e-01]
1582 [-1.05595553e-01]
1583 [-1.05598068e-01]
1584 [-1.05600584e-01]
1585 [-1.05603100e-01]
1586 [-1.05605617e-01]
1587 [-1.05608135e-01]
1588 [-1.05610653e-01]
1589 [-1.05613172e-01]
1590 [-1.05615691e-01]
1591 [-1.05618211e-01]
1592 [-1.05620731e-01]
1593 [-1.05623253e-01]
1594 [-1.05625774e-01]
1595 [-1.05628297e-01]
1596 [-1.05630819e-01]
1597 [-1.05633343e-01]
1598 [-1.05635867e-01]
1599 [-1.05638392e-01]
1600 [-1.05640917e-01]
1601 [-1.05643443e-01]
1602 [-1.05645969e-01]
1603 [-1.05648496e-01]
1604 [-1.05651023e-01]
1605 [-1.05653551e-01]
1606 [-1.05656080e-01]
1607 [-1.05658609e-01]
1608 [-1.05661139e-01]
1609 [-1.05663669e-01]
1610 [-1.05666200e-01]
1611 [-1.05668731e-01]
1612 [-1.05671263e-01]
1613 [-1.05673795e-01]
1614 [-1.05676328e-01]
1615 [-1.05678862e-01]
1616 [-1.05681396e-01]
1617 [-1.05683930e-01]
1618 [-1.05686465e-01]
1619 [-1.05689001e-01]
1620 [-1.05691537e-01]
1621 [-1.05694074e-01]
1622 [-1.05696611e-01]
1623 [-1.05699149e-01]
1624 [-1.05701687e-01]
1625 [-1.05704226e-01]
1626 [-1.05706765e-01]
1627 [-1.05709305e-01]
1628 [-1.05711845e-01]
1629 [-1.05714386e-01]
1630 [-1.05716927e-01]
1631 [-1.05719469e-01]
1632 [-1.05722012e-01]
1633 [-1.05724554e-01]
1634 [-1.05727098e-01]
1635 [-1.05729642e-01]
1636 [-1.05732186e-01]
1637 [-1.05734731e-01]
1638 [-1.05737276e-01]
1639 [-1.05739822e-01]
1640 [-1.05742368e-01]
1641 [-1.05744915e-01]
1642 [-1.05747462e-01]
1643 [-1.05750010e-01]
1644 [-1.05752558e-01]
1645 [-1.05755107e-01]
1646 [-1.05757656e-01]
1647 [-1.05760206e-01]
1648 [-1.05762756e-01]
1649 [-1.05765306e-01]
1650 [-1.05767857e-01]
1651 [-1.05770409e-01]
1652 [-1.05772961e-01]
1653 [-1.05775513e-01]
1654 [-1.05778066e-01]
1655 [-1.05780619e-01]
1656 [-1.05783173e-01]
1657 [-1.05785727e-01]
1658 [-1.05788282e-01]
1659 [-1.05790837e-01]
1660 [-1.05793393e-01]
1661 [-1.05795949e-01]
1662 [-1.05798505e-01]
1663 [-1.05801062e-01]
1664 [-1.05803619e-01]
1665 [-1.05806177e-01]
1666 [-1.05808735e-01]
1667 [-1.05811294e-01]
1668 [-1.05813853e-01]
1669 [-1.05816412e-01]
1670 [-1.05818972e-01]
1671 [-1.05821532e-01]
1672 [-1.05824093e-01]
1673 [-1.05826654e-01]
1674 [-1.05829216e-01]
1675 [-1.05831778e-01]
1676 [-1.05834340e-01]
1677 [-1.05836903e-01]
1678 [-1.05839466e-01]
1679 [-1.05842030e-01]
1680 [-1.05844594e-01]
1681 [-1.05847159e-01]
1682 [-1.05849723e-01]
1683 [-1.05852289e-01]
1684 [-1.05854854e-01]
1685 [-1.05857420e-01]
1686 [-1.05859987e-01]
1687 [-1.05862554e-01]
1688 [-1.05865121e-01]
1689 [-1.05867689e-01]
1690 [-1.05870257e-01]
1691 [-1.05872825e-01]
1692 [-1.05875394e-01]
1693 [-1.05877963e-01]
1694 [-1.05880532e-01]
1695 [-1.05883102e-01]
1696 [-1.05885673e-01]
1697 [-1.05888243e-01]
1698 [-1.05890814e-01]
1699 [-1.05893386e-01]
1700 [-1.05895958e-01]
1701 [-1.05898530e-01]
1702 [-1.05901102e-01]
1703 [-1.05903675e-01]
1704 [-1.05906249e-01]
1705 [-1.05908822e-01]
1706 [-1.05911396e-01]
1707 [-1.05913971e-01]
1708 [-1.05916545e-01]
1709 [-1.05919121e-01]
1710 [-1.05921696e-01]
1711 [-1.05924272e-01]
1712 [-1.05926848e-01]
1713 [-1.05929424e-01]
1714 [-1.05932001e-01]
1715 [-1.05934578e-01]
1716 [-1.05937156e-01]
1717 [-1.05939734e-01]
1718 [-1.05942312e-01]
1719 [-1.05944891e-01]
1720 [-1.05947470e-01]
1721 [-1.05950049e-01]
1722 [-1.05952629e-01]
1723 [-1.05955208e-01]
1724 [-1.05957789e-01]
1725 [-1.05960369e-01]
1726 [-1.05962950e-01]
1727 [-1.05965532e-01]
1728 [-1.05968113e-01]
1729 [-1.05970695e-01]
1730 [-1.05973277e-01]
1731 [-1.05975860e-01]
1732 [-1.05978443e-01]
1733 [-1.05981026e-01]
1734 [-1.05983610e-01]
1735 [-1.05986194e-01]
1736 [-1.05988778e-01]
1737 [-1.05991363e-01]
1738 [-1.05993947e-01]
1739 [-1.05996533e-01]
1740 [-1.05999118e-01]
1741 [-1.06001704e-01]
1742 [-1.06004290e-01]
1743 [-1.06006876e-01]
1744 [-1.06009463e-01]
1745 [-1.06012050e-01]
1746 [-1.06014638e-01]
1747 [-1.06017225e-01]
1748 [-1.06019813e-01]
1749 [-1.06022402e-01]
1750 [-1.06024990e-01]
1751 [-1.06027579e-01]
1752 [-1.06030169e-01]
1753 [-1.06032758e-01]
1754 [-1.06035348e-01]
1755 [-1.06037938e-01]
1756 [-1.06040528e-01]
1757 [-1.06043119e-01]
1758 [-1.06045710e-01]
1759 [-1.06048302e-01]
1760 [-1.06050893e-01]
1761 [-1.06053485e-01]
1762 [-1.06056077e-01]
1763 [-1.06058670e-01]
1764 [-1.06061263e-01]
1765 [-1.06063856e-01]
1766 [-1.06066449e-01]
1767 [-1.06069043e-01]
1768 [-1.06071637e-01]
1769 [-1.06074231e-01]
1770 [-1.06076826e-01]
1771 [-1.06079421e-01]
1772 [-1.06082016e-01]
1773 [-1.06084612e-01]
1774 [-1.06087207e-01]
1775 [-1.06089803e-01]
1776 [-1.06092400e-01]
1777 [-1.06094996e-01]
1778 [-1.06097593e-01]
1779 [-1.06100191e-01]
1780 [-1.06102788e-01]
1781 [-1.06105386e-01]
1782 [-1.06107984e-01]
1783 [-1.06110582e-01]
1784 [-1.06113181e-01]
1785 [-1.06115780e-01]
1786 [-1.06118379e-01]
1787 [-1.06120979e-01]
1788 [-1.06123578e-01]
1789 [-1.06126178e-01]
1790 [-1.06128779e-01]
1791 [-1.06131379e-01]
1792 [-1.06133980e-01]
1793 [-1.06136581e-01]
1794 [-1.06139183e-01]
1795 [-1.06141785e-01]
1796 [-1.06144387e-01]
1797 [-1.06146989e-01]
1798 [-1.06149592e-01]
1799 [-1.06152195e-01]
1800 [-1.06154798e-01]
1801 [-1.06157401e-01]
1802 [-1.06160005e-01]
1803 [-1.06162609e-01]
1804 [-1.06165213e-01]
1805 [-1.06167818e-01]
1806 [-1.06170423e-01]
1807 [-1.06173028e-01]
1808 [-1.06175633e-01]
1809 [-1.06178239e-01]
1810 [-1.06180845e-01]
1811 [-1.06183451e-01]
1812 [-1.06186058e-01]
1813 [-1.06188665e-01]
1814 [-1.06191272e-01]
1815 [-1.06193879e-01]
1816 [-1.06196487e-01]
1817 [-1.06199095e-01]
1818 [-1.06201703e-01]
1819 [-1.06204312e-01]
1820 [-1.06206921e-01]
1821 [-1.06209530e-01]
1822 [-1.06212139e-01]
1823 [-1.06214749e-01]
1824 [-1.06217359e-01]
1825 [-1.06219969e-01]
1826 [-1.06222580e-01]
1827 [-1.06225190e-01]
1828 [-1.06227801e-01]
1829 [-1.06230413e-01]
1830 [-1.06233025e-01]
1831 [-1.06235637e-01]
1832 [-1.06238249e-01]
1833 [-1.06240861e-01]
1834 [-1.06243474e-01]
1835 [-1.06246087e-01]
1836 [-1.06248701e-01]
1837 [-1.06251315e-01]
1838 [-1.06253929e-01]
1839 [-1.06256543e-01]
1840 [-1.06259157e-01]
1841 [-1.06261772e-01]
1842 [-1.06264388e-01]
1843 [-1.06267003e-01]
1844 [-1.06269619e-01]
1845 [-1.06272235e-01]
1846 [-1.06274851e-01]
1847 [-1.06277468e-01]
1848 [-1.06280085e-01]
1849 [-1.06282702e-01]
1850 [-1.06285320e-01]
1851 [-1.06287938e-01]
1852 [-1.06290556e-01]
1853 [-1.06293174e-01]
1854 [-1.06295793e-01]
1855 [-1.06298412e-01]
1856 [-1.06301031e-01]
1857 [-1.06303651e-01]
1858 [-1.06306271e-01]
1859 [-1.06308891e-01]
1860 [-1.06311512e-01]
1861 [-1.06314133e-01]
1862 [-1.06316754e-01]
1863 [-1.06319376e-01]
1864 [-1.06321998e-01]
1865 [-1.06324620e-01]
1866 [-1.06327242e-01]
1867 [-1.06329865e-01]
1868 [-1.06332488e-01]
1869 [-1.06335112e-01]
1870 [-1.06337735e-01]
1871 [-1.06340359e-01]
1872 [-1.06342984e-01]
1873 [-1.06345608e-01]
1874 [-1.06348234e-01]
1875 [-1.06350859e-01]
1876 [-1.06353485e-01]
1877 [-1.06356111e-01]
1878 [-1.06358737e-01]
1879 [-1.06361363e-01]
1880 [-1.06363990e-01]
1881 [-1.06366618e-01]
1882 [-1.06369245e-01]
1883 [-1.06371873e-01]
1884 [-1.06374502e-01]
1885 [-1.06377130e-01]
1886 [-1.06379759e-01]
1887 [-1.06382389e-01]
1888 [-1.06385018e-01]
1889 [-1.06387648e-01]
1890 [-1.06390279e-01]
1891 [-1.06392909e-01]
1892 [-1.06395540e-01]
1893 [-1.06398172e-01]
1894 [-1.06400803e-01]
1895 [-1.06403435e-01]
1896 [-1.06406068e-01]
1897 [-1.06408700e-01]
1898 [-1.06411334e-01]
1899 [-1.06413967e-01]
1900 [-1.06416601e-01]
1901 [-1.06419235e-01]
1902 [-1.06421869e-01]
1903 [-1.06424504e-01]
1904 [-1.06427140e-01]
1905 [-1.06429775e-01]
1906 [-1.06432411e-01]
1907 [-1.06435047e-01]
1908 [-1.06437684e-01]
1909 [-1.06440321e-01]
1910 [-1.06442959e-01]
1911 [-1.06445596e-01]
1912 [-1.06448234e-01]
1913 [-1.06450873e-01]
1914 [-1.06453512e-01]
1915 [-1.06456151e-01]
1916 [-1.06458791e-01]
1917 [-1.06461431e-01]
1918 [-1.06464071e-01]
1919 [-1.06466712e-01]
1920 [-1.06469353e-01]
1921 [-1.06471995e-01]
1922 [-1.06474637e-01]
1923 [-1.06477279e-01]
1924 [-1.06479922e-01]
1925 [-1.06482565e-01]
1926 [-1.06485208e-01]
1927 [-1.06487852e-01]
1928 [-1.06490496e-01]
1929 [-1.06493141e-01]
1930 [-1.06495786e-01]
1931 [-1.06498432e-01]
1932 [-1.06501077e-01]
1933 [-1.06503724e-01]
1934 [-1.06506370e-01]
1935 [-1.06509018e-01]
1936 [-1.06511665e-01]
1937 [-1.06514313e-01]
1938 [-1.06516961e-01]
1939 [-1.06519610e-01]
1940 [-1.06522259e-01]
1941 [-1.06524909e-01]
1942 [-1.06527559e-01]
1943 [-1.06530209e-01]
1944 [-1.06532860e-01]
1945 [-1.06535511e-01]
1946 [-1.06538163e-01]
1947 [-1.06540815e-01]
1948 [-1.06543467e-01]
1949 [-1.06546120e-01]
1950 [-1.06548774e-01]
1951 [-1.06551427e-01]
1952 [-1.06554082e-01]
1953 [-1.06556736e-01]
1954 [-1.06559391e-01]
1955 [-1.06562047e-01]
1956 [-1.06564703e-01]
1957 [-1.06567359e-01]
1958 [-1.06570016e-01]
1959 [-1.06572673e-01]
1960 [-1.06575331e-01]
1961 [-1.06577989e-01]
1962 [-1.06580648e-01]
1963 [-1.06583307e-01]
1964 [-1.06585967e-01]
1965 [-1.06588627e-01]
1966 [-1.06591287e-01]
1967 [-1.06593948e-01]
1968 [-1.06596610e-01]
1969 [-1.06599271e-01]
1970 [-1.06601934e-01]
1971 [-1.06604597e-01]
1972 [-1.06607260e-01]
1973 [-1.06609924e-01]
1974 [-1.06612588e-01]
1975 [-1.06615252e-01]
1976 [-1.06617918e-01]
1977 [-1.06620583e-01]
1978 [-1.06623249e-01]
1979 [-1.06625916e-01]
1980 [-1.06628583e-01]
1981 [-1.06631251e-01]
1982 [-1.06633919e-01]
1983 [-1.06636587e-01]
1984 [-1.06639256e-01]
1985 [-1.06641926e-01]
1986 [-1.06644596e-01]
1987 [-1.06647266e-01]
1988 [-1.06649937e-01]
1989 [-1.06652609e-01]
1990 [-1.06655281e-01]
1991 [-1.06657953e-01]
1992 [-1.06660626e-01]
1993 [-1.06663300e-01]
1994 [-1.06665974e-01]
1995 [-1.06668648e-01]
1996 [-1.06671323e-01]
1997 [-1.06673999e-01]
1998 [-1.06676675e-01]
1999 [-1.06679352e-01]
2000 [-1.06682029e-01]
2000 [-1.06682029e-01]
2001 [-1.06682029e-01]
2002 [-6.86066841e-01]
2003 [-1.15219782e-01]
2004 [-1.25303088e-01]
2005 [-1.24270142e-01]
2006 [-1.27531771e-01]
2007 [-1.42103944e-01]
2008 [-1.64531145e-01]
2009 [-2.01761681e-01]
2010 [-2.57430438e-01]
2011 [-2.23461685e-01]
2012 [-2.37491261e-01]
2013 [-2.38074290e-01]
2014 [-2.40595494e-01]
2015 [-2.49622637e-01]
2016 [-2.75106421e-01]
2017 [-3.05017037e-01]
2018 [-3.08965177e-01]
2019 [-3.11139089e-01]
2020 [-3.15940415e-01]
2021 [-3.22865821e-01]
2022 [-3.31605562e-01]
2023 [-3.26831780e-01]
2024 [-3.24626931e-01]
2025 [-3.20598798e-01]
2026 [-3.18239413e-01]
2027 [-3.04843533e-01]
2028 [-3.10406433e-01]
2029 [-3.06646392e-01]
2030 [-3.07261686e-01]
2031 [-2.94238104e-01]
2032 [-2.85571804e-01]
2033 [-2.67211124e-01]
2034 [-2.72496727e-01]
2035 [-2.77716846e-01]
2036 [-2.83273630e-01]
2037 [-2.80512877e-01]
2038 [-2.70784894e-01]
2039 [-2.59702489e-01]
2040 [-2.42051520e-01]
2041 [-2.33231289e-01]
2042 [-2.16888961e-01]
2043 [-1.70001552e-01]
2044 [-1.94528675e-01]
2045 [-2.36319645e-01]
2046 [-2.68883271e-01]
2047 [-2.76582352e-01]
2048 [-2.79537299e-01]
2049 [-2.95353190e-01]
2050 [-3.29952088e-01]
2051 [-3.49563334e-01]
2052 [-3.39463913e-01]
2053 [-3.39307294e-01]
2054 [-3.40934017e-01]
2055 [-3.37248667e-01]
2056 [-3.29974363e-01]
2057 [-3.19756050e-01]
2058 [-2.98568483e-01]
2059 [-2.97085521e-01]
2060 [-3.08999685e-01]
2061 [-3.16678553e-01]
2062 [-3.23747849e-01]
2063 [-3.31481922e-01]
2064 [-3.29881268e-01]
2065 [-3.17707335e-01]
2066 [-3.00972538e-01]
2067 [-2.81925953e-01]
2068 [-2.75919020e-01]
2069 [-2.66866939e-01]
2070 [-2.78154737e-01]
2071 [-2.89883197e-01]
2072 [-2.91704126e-01]
2073 [-2.70222022e-01]
2074 [-2.36636313e-01]
2075 [-2.24771505e-01]
2076 [-2.36709848e-01]
2077 [-2.72093335e-01]
2078 [-2.73240928e-01]
2079 [-2.77142464e-01]
2080 [-2.91398258e-01]
2081 [-3.05413585e-01]
2082 [-3.09581896e-01]
2083 [-3.01477918e-01]
2084 [-2.93108842e-01]
2085 [-2.74476397e-01]
2086 [-2.77270391e-01]
2087 [-2.89795515e-01]
2088 [-3.08434958e-01]
2089 [-3.10635728e-01]
2090 [-3.05535400e-01]
2091 [-2.94994176e-01]
2092 [-2.73838937e-01]
2093 [-2.53750857e-01]
2094 [-2.60270645e-01]
2095 [-2.66554678e-01]
2096 [-2.85090193e-01]
2097 [-2.87834763e-01]
2098 [-2.80864738e-01]
2099 [-2.72173328e-01]
2100 [-2.65217466e-01]
2101 [-2.59659632e-01]
2102 [-2.68689100e-01]
2103 [-2.80731744e-01]
2104 [-3.02018391e-01]
2105 [-3.08751128e-01]
2106 [-3.06745337e-01]
2107 [-2.95396604e-01]
2108 [-2.95842906e-01]
2109 [-2.99889945e-01]
2110 [-3.10417119e-01]
2111 [-3.23857921e-01]
2112 [-3.29803552e-01]
2113 [-3.27768180e-01]
2114 [-3.26462749e-01]
2115 [-3.15685041e-01]
2116 [-3.00180240e-01]
2117 [-2.93945603e-01]
2118 [-2.94680660e-01]
2119 [-3.03680486e-01]
2120 [-3.06867124e-01]
2121 [-3.09789484e-01]
2122 [-3.13711452e-01]
2123 [-3.18511585e-01]
2124 [-3.23411374e-01]
2125 [-3.24421538e-01]
2126 [-3.31229935e-01]
2127 [-3.34433330e-01]
2128 [-3.44909906e-01]
2129 [-3.47844093e-01]
2130 [-3.45566519e-01]
2131 [-3.29612014e-01]
2132 [-3.23079964e-01]
2133 [-3.20590210e-01]
2134 [-3.12540000e-01]
2135 [-3.01213250e-01]
2136 [-2.89651095e-01]
2137 [-2.88248594e-01]
2138 [-2.90709335e-01]
2139 [-2.99497230e-01]
2140 [-3.07533430e-01]
2141 [-3.12425651e-01]
2142 [-3.17586399e-01]
2143 [-3.17475309e-01]
2144 [-3.23690756e-01]
2145 [-3.28922797e-01]
2146 [-3.37002785e-01]
2147 [-3.39362222e-01]
2148 [-3.36423522e-01]
2149 [-3.31656367e-01]
2150 [-3.29897165e-01]
2151 [-3.25756379e-01]
2152 [-3.19698131e-01]
2153 [-3.18022376e-01]
2154 [-3.18631729e-01]
2155 [-3.17452506e-01]
2156 [-3.15577789e-01]
2157 [-3.19190951e-01]
2158 [-3.25415302e-01]
2159 [-3.29155485e-01]
2160 [-3.39132612e-01]
2161 [-3.41658778e-01]
2162 [-3.38378304e-01]
2163 [-3.37864038e-01]
2164 [-3.42434688e-01]
2165 [-3.44467596e-01]
2166 [-3.46975261e-01]
2167 [-3.56364965e-01]
2168 [-3.54964143e-01]
2169 [-3.51290348e-01]
2170 [-3.49144138e-01]
2171 [-3.50493206e-01]
2172 [-3.53646879e-01]
2173 [-3.59551893e-01]
2174 [-3.64652831e-01]
2175 [-3.58812570e-01]
2176 [-3.46132587e-01]
2177 [-3.47735088e-01]
2178 [-3.39825153e-01]
2179 [-3.31013781e-01]
2180 [-3.35373414e-01]
2181 [-3.39787782e-01]
2182 [-3.49187277e-01]
2183 [-3.53928558e-01]
2184 [-3.59354225e-01]
2185 [-3.61776327e-01]
2186 [-3.61783878e-01]
2187 [-3.65711325e-01]
2188 [-3.72014729e-01]
2189 [-3.77572988e-01]
2190 [-3.80817337e-01]
2191 [-3.78319731e-01]
2192 [-3.62884949e-01]
2193 [-3.55391860e-01]
2194 [-3.49684785e-01]
2195 [-3.40799986e-01]
2196 [-3.42489596e-01]
2197 [-3.47868448e-01]
2198 [-3.59067213e-01]
2199 [-3.67972131e-01]
2200 [-3.69114554e-01]
2201 [-3.65006652e-01]
2202 [-3.61050079e-01]
2203 [-3.57087315e-01]
2204 [-3.63422379e-01]
2205 [-3.72060271e-01]
2206 [-3.72313025e-01]
2207 [-3.67960836e-01]
2208 [-3.63783767e-01]
2209 [-3.61589127e-01]
2210 [-3.62528875e-01]
2211 [-3.68868547e-01]
2212 [-3.76457620e-01]
2213 [-3.79147361e-01]
2214 [-3.81376134e-01]
2215 [-3.83358804e-01]
2216 [-3.83947493e-01]
2217 [-3.78830956e-01]
2218 [-3.79925681e-01]
2219 [-3.79775558e-01]
2220 [-3.82261030e-01]
2221 [-3.80804339e-01]
2222 [-3.75877541e-01]
2223 [-3.76898294e-01]
2224 [-3.75577485e-01]
2225 [-3.77497850e-01]
2226 [-3.76233267e-01]
2227 [-3.68266977e-01]
2228 [-3.58294621e-01]
2229 [-3.59613858e-01]
2230 [-3.61978038e-01]
2231 [-3.60583583e-01]
2232 [-3.60817098e-01]
2233 [-3.63559166e-01]
2234 [-3.69881887e-01]
2235 [-3.74901852e-01]
2236 [-3.82542616e-01]
2237 [-3.87364422e-01]
2238 [-3.86516220e-01]
2239 [-3.84242355e-01]
2240 [-3.79244249e-01]
2241 [-3.75933211e-01]
2242 [-3.76091623e-01]
2243 [-3.83530461e-01]
2244 [-3.88832607e-01]
2245 [-3.90783891e-01]
2246 [-3.89910453e-01]
2247 [-3.85261835e-01]
2248 [-3.78704547e-01]
2249 [-3.76893415e-01]
2250 [-3.77758708e-01]
2251 [-3.84164640e-01]
2252 [-3.91125541e-01]
2253 [-3.93713338e-01]
2254 [-3.89620545e-01]
2255 [-3.79676343e-01]
2256 [-3.66927908e-01]
2257 [-3.57420312e-01]
2258 [-3.64542723e-01]
2259 [-3.74177202e-01]
2260 [-3.87357942e-01]
2261 [-3.92192045e-01]
2262 [-3.93222903e-01]
2263 [-3.94895394e-01]
2264 [-3.95708356e-01]
2265 [-3.93294557e-01]
2266 [-3.91358225e-01]
2267 [-3.90034454e-01]
2268 [-3.88774057e-01]
2269 [-3.87017051e-01]
2270 [-3.86801025e-01]
2271 [-3.87999464e-01]
2272 [-3.88383056e-01]
2273 [-3.89619061e-01]
2274 [-3.91042934e-01]
2275 [-3.91834120e-01]
2276 [-3.93530973e-01]
2277 [-3.91568990e-01]
2278 [-3.90698760e-01]
2279 [-3.93425717e-01]
2280 [-4.01479994e-01]
2281 [-4.13074346e-01]
2282 [-4.18251522e-01]
2283 [-4.20616995e-01]
2284 [-4.15241865e-01]
2285 [-4.03344625e-01]
2286 [-3.96908987e-01]
2287 [-4.01491395e-01]
2288 [-4.04473678e-01]
2289 [-4.04710081e-01]
2290 [-4.05531799e-01]
2291 [-4.08348168e-01]
2292 [-4.07105725e-01]
2293 [-4.09277578e-01]
2294 [-4.08663725e-01]
2295 [-4.08542383e-01]
2296 [-4.08394646e-01]
2297 [-4.06352244e-01]
2298 [-4.01735170e-01]
2299 [-4.00925226e-01]
2300 [-3.99162351e-01]
2301 [-3.97116561e-01]
2302 [-3.96140610e-01]
2303 [-3.95989808e-01]
2304 [-3.97345476e-01]
2305 [-3.97891968e-01]
2306 [-3.99819324e-01]
2307 [-3.96177165e-01]
2308 [-3.92928325e-01]
2309 [-3.96792508e-01]
2310 [-4.03454115e-01]
2311 [-4.11219592e-01]
2312 [-4.15257868e-01]
2313 [-4.15217314e-01]
2314 [-4.15894343e-01]
2315 [-4.15247955e-01]
2316 [-4.15089496e-01]
2317 [-4.13296381e-01]
2318 [-4.10009963e-01]
2319 [-4.11440384e-01]
2320 [-4.11515632e-01]
2321 [-4.10271998e-01]
2322 [-4.08070102e-01]
2323 [-4.04951258e-01]
2324 [-4.02272670e-01]
2325 [-4.03163616e-01]
2326 [-4.04402210e-01]
2327 [-4.05951400e-01]
2328 [-4.08855400e-01]
2329 [-4.11731360e-01]
2330 [-4.17403486e-01]
2331 [-4.21658042e-01]
2332 [-4.19577828e-01]
2333 [-4.19888983e-01]
2334 [-4.23507332e-01]
2335 [-4.21913385e-01]
2336 [-4.22149662e-01]
2337 [-4.22581546e-01]
2338 [-4.21661695e-01]
2339 [-4.19659629e-01]
2340 [-4.16014283e-01]
2341 [-4.15913087e-01]
2342 [-4.16823075e-01]
2343 [-4.18595271e-01]
2344 [-4.27014982e-01]
2345 [-4.30389593e-01]
2346 [-4.33538133e-01]
2347 [-4.35154562e-01]
2348 [-4.29628176e-01]
2349 [-4.23858086e-01]
2350 [-4.20217968e-01]
2351 [-4.20856328e-01]
2352 [-4.18562352e-01]
2353 [-4.14016524e-01]
2354 [-4.12424285e-01]
2355 [-4.12825746e-01]
2356 [-4.18649248e-01]
2357 [-4.21976952e-01]
2358 [-4.25415821e-01]
2359 [-4.28170250e-01]
2360 [-4.27505856e-01]
2361 [-4.23478864e-01]
2362 [-4.22374218e-01]
2363 [-4.21486626e-01]
2364 [-4.21650323e-01]
2365 [-4.24068980e-01]
2366 [-4.26682323e-01]
2367 [-4.29365380e-01]
2368 [-4.30966681e-01]
2369 [-4.29335431e-01]
2370 [-4.26474374e-01]
2371 [-4.28097720e-01]
2372 [-4.28100168e-01]
2373 [-4.30729804e-01]
2374 [-4.32860298e-01]
2375 [-4.34794146e-01]
2376 [-4.35719691e-01]
2377 [-4.37040653e-01]
2378 [-4.41348957e-01]
2379 [-4.43376165e-01]
2380 [-4.47011140e-01]
2381 [-4.46589716e-01]
2382 [-4.43649681e-01]
2383 [-4.39888846e-01]
2384 [-4.41753239e-01]
2385 [-4.40516440e-01]
2386 [-4.41195695e-01]
2387 [-4.41421960e-01]
2388 [-4.44010890e-01]
2389 [-4.46067518e-01]
2390 [-4.47282629e-01]
2391 [-4.46783188e-01]
2392 [-4.46952593e-01]
2393 [-4.46213586e-01]
2394 [-4.46758618e-01]
2395 [-4.49598856e-01]
2396 [-4.49591925e-01]
2397 [-4.49336897e-01]
2398 [-4.47980111e-01]
2399 [-4.46420398e-01]
2400 [-4.44446812e-01]
2401 [-4.45177163e-01]
2402 [-4.47600510e-01]
2403 [-4.49545614e-01]
2404 [-4.50914208e-01]
2405 [-4.53172518e-01]
2406 [-4.53608487e-01]
2407 [-4.53122075e-01]
2408 [-4.53553134e-01]
2409 [-4.52557444e-01]
2410 [-4.50883666e-01]
2411 [-4.52375324e-01]
2412 [-4.52229219e-01]
2413 [-4.52420709e-01]
2414 [-4.52500249e-01]
2415 [-4.54083545e-01]
2416 [-4.55700665e-01]
2417 [-4.59667816e-01]
2418 [-4.64957982e-01]
2419 [-4.69959518e-01]
2420 [-4.70679441e-01]
2421 [-4.70603253e-01]
2422 [-4.68735483e-01]
2423 [-4.64966900e-01]
2424 [-4.62169782e-01]
2425 [-4.59969767e-01]
2426 [-4.59134116e-01]
2427 [-4.58246394e-01]
2428 [-4.55679421e-01]
2429 [-4.52134268e-01]
2430 [-4.47927324e-01]
2431 [-4.45443637e-01]
2432 [-4.47698670e-01]
2433 [-4.49454126e-01]
2434 [-4.49504351e-01]
2435 [-4.48693093e-01]
2436 [-4.45991546e-01]
2437 [-4.48975354e-01]
2438 [-4.48146156e-01]
2439 [-4.48289388e-01]
2440 [-4.49418921e-01]
2441 [-4.50995831e-01]
2442 [-4.54158832e-01]
2443 [-4.53789874e-01]
2444 [-4.53051371e-01]
2445 [-4.53951396e-01]
2446 [-4.55682820e-01]
2447 [-4.59465714e-01]
2448 [-4.60753105e-01]
2449 [-4.59776308e-01]
2450 [-4.57918083e-01]
2451 [-4.55391145e-01]
2452 [-4.51963697e-01]
2453 [-4.54081022e-01]
2454 [-4.54050194e-01]
2455 [-4.57115535e-01]
2456 [-4.60724453e-01]
2457 [-4.64845568e-01]
2458 [-4.67425394e-01]
2459 [-4.69465957e-01]
2460 [-4.67420636e-01]
2461 [-4.65252936e-01]
2462 [-4.63808653e-01]
2463 [-4.62563762e-01]
2464 [-4.62765043e-01]
2465 [-4.61510065e-01]
2466 [-4.61615715e-01]
2467 [-4.60144114e-01]
2468 [-4.59319577e-01]
2469 [-4.57951561e-01]
2470 [-4.58148277e-01]
2471 [-4.57107226e-01]
2472 [-4.57876494e-01]
2473 [-4.59391534e-01]
2474 [-4.59868642e-01]
2475 [-4.61416972e-01]
2476 [-4.61816848e-01]
2477 [-4.61240414e-01]
2478 [-4.61501598e-01]
2479 [-4.61903569e-01]
2480 [-4.63586815e-01]
2481 [-4.64686781e-01]
2482 [-4.67127110e-01]
2483 [-4.67777866e-01]
2484 [-4.68255527e-01]
2485 [-4.68388302e-01]
2486 [-4.70989921e-01]
2487 [-4.73518514e-01]
2488 [-4.77131245e-01]
2489 [-4.80536709e-01]
2490 [-4.82204148e-01]
2491 [-4.78581454e-01]
2492 [-4.73436021e-01]
2493 [-4.67809573e-01]
2494 [-4.68286637e-01]
2495 [-4.68146043e-01]
2496 [-4.66723231e-01]
2497 [-4.66001992e-01]
2498 [-4.65950698e-01]
2499 [-4.65963843e-01]
2500 [-4.65185387e-01]
2501 [-4.64676559e-01]
2502 [-4.64142037e-01]
2503 [-4.64242583e-01]
2504 [-4.65718163e-01]
2505 [-4.69358967e-01]
2506 [-4.73487852e-01]
2507 [-4.75822627e-01]
2508 [-4.76045484e-01]
2509 [-4.75292865e-01]
2510 [-4.73762084e-01]
2511 [-4.71799277e-01]
2512 [-4.70592645e-01]
2513 [-4.69168819e-01]
2514 [-4.68105364e-01]
2515 [-4.68419043e-01]
2516 [-4.68036196e-01]
2517 [-4.67158221e-01]
2518 [-4.65075798e-01]
2519 [-4.63120875e-01]
2520 [-4.63288957e-01]
2521 [-4.65494909e-01]
2522 [-4.69265703e-01]
2523 [-4.72334553e-01]
2524 [-4.76323484e-01]
2525 [-4.77749216e-01]
2526 [-4.78144240e-01]
2527 [-4.77081950e-01]
2528 [-4.77004539e-01]
2529 [-4.76692894e-01]
2530 [-4.76466927e-01]
2531 [-4.76071606e-01]
2532 [-4.75982258e-01]
2533 [-4.75271106e-01]
2534 [-4.75758513e-01]
2535 [-4.76130260e-01]
2536 [-4.78087888e-01]
2537 [-4.79879145e-01]
2538 [-4.81413837e-01]
2539 [-4.80268838e-01]
2540 [-4.78666916e-01]
2541 [-4.77151887e-01]
2542 [-4.76815144e-01]
2543 [-4.77462710e-01]
2544 [-4.78646388e-01]
2545 [-4.78719487e-01]
2546 [-4.78778574e-01]
2547 [-4.78515538e-01]
2548 [-4.78098316e-01]
2549 [-4.79017580e-01]
2550 [-4.80500191e-01]
2551 [-4.82621104e-01]
2552 [-4.83366472e-01]
2553 [-4.81060474e-01]
2554 [-4.79004420e-01]
2555 [-4.74775167e-01]
2556 [-4.71092031e-01]
2557 [-4.70127882e-01]
2558 [-4.71203981e-01]
2559 [-4.73696060e-01]
2560 [-4.75559874e-01]
2561 [-4.75835636e-01]
2562 [-4.74529400e-01]
2563 [-4.72764841e-01]
2564 [-4.70922430e-01]
2565 [-4.71197947e-01]
2566 [-4.72354079e-01]
2567 [-4.74708674e-01]
2568 [-4.75938024e-01]
2569 [-4.76646743e-01]
2570 [-4.76291198e-01]
2571 [-4.75303034e-01]
2572 [-4.74541984e-01]
2573 [-4.75854397e-01]
2574 [-4.78042456e-01]
2575 [-4.80409208e-01]
2576 [-4.80742673e-01]
2577 [-4.81445677e-01]
2578 [-4.78735065e-01]
2579 [-4.76743115e-01]
2580 [-4.75835879e-01]
2581 [-4.74286675e-01]
2582 [-4.73003654e-01]
2583 [-4.72299010e-01]
2584 [-4.71817216e-01]
2585 [-4.71546850e-01]
2586 [-4.71087926e-01]
2587 [-4.70774626e-01]
2588 [-4.71234489e-01]
2589 [-4.71095693e-01]
2590 [-4.71683142e-01]
2591 [-4.72777801e-01]
2592 [-4.74993686e-01]
2593 [-4.77119165e-01]
2594 [-4.80855764e-01]
2595 [-4.81336924e-01]
2596 [-4.81465549e-01]
2597 [-4.80961757e-01]
2598 [-4.81219972e-01]
2599 [-4.82431624e-01]
2600 [-4.84238624e-01]
2601 [-4.85075130e-01]
2602 [-4.84396810e-01]
2603 [-4.81705202e-01]
2604 [-4.79489865e-01]
2605 [-4.77117613e-01]
2606 [-4.75890498e-01]
2607 [-4.76105762e-01]
2608 [-4.77252213e-01]
2609 [-4.77973228e-01]
2610 [-4.78677522e-01]
2611 [-4.79380492e-01]
2612 [-4.80221235e-01]
2613 [-4.79395345e-01]
2614 [-4.79897061e-01]
2615 [-4.80135044e-01]
2616 [-4.80470385e-01]
2617 [-4.79703916e-01]
2618 [-4.79480454e-01]
2619 [-4.78875853e-01]
2620 [-4.78664397e-01]
2621 [-4.78168511e-01]
2622 [-4.79170148e-01]
2623 [-4.75068269e-01]
2624 [-4.77929586e-01]
2625 [-4.78658196e-01]
2626 [-4.79798523e-01]
2627 [-4.79972958e-01]
2628 [-4.79222538e-01]
2629 [-4.78332648e-01]
2630 [-4.77996019e-01]
2631 [-4.77973578e-01]
2632 [-4.78401797e-01]
2633 [-4.78928718e-01]
2634 [-4.79259873e-01]
2635 [-4.81512148e-01]
2636 [-4.80666070e-01]
2637 [-4.80565148e-01]
2638 [-4.81550450e-01]
2639 [-4.83299504e-01]
2640 [-4.84419342e-01]
2641 [-4.85148525e-01]
2642 [-4.84533056e-01]
2643 [-4.84325982e-01]
2644 [-4.84435547e-01]
2645 [-4.83894115e-01]
2646 [-4.83722977e-01]
2647 [-4.83066394e-01]
2648 [-4.82411597e-01]
2649 [-4.81087643e-01]
2650 [-4.80265718e-01]
2651 [-4.79417229e-01]
2652 [-4.79362005e-01]
2653 [-4.79341436e-01]
2654 [-4.79988579e-01]
2655 [-4.81492091e-01]
2656 [-4.81915455e-01]
2657 [-4.82514694e-01]
2658 [-4.82727246e-01]
2659 [-4.83396612e-01]
2660 [-4.83667433e-01]
2661 [-4.84335058e-01]
2662 [-4.84845258e-01]
2663 [-4.84816381e-01]
2664 [-4.85519102e-01]
2665 [-4.86124483e-01]
2666 [-4.86336215e-01]
2667 [-4.86217910e-01]
2668 [-4.85610581e-01]
2669 [-4.84343034e-01]
2670 [-4.83292788e-01]
2671 [-4.83475751e-01]
2672 [-4.83883417e-01]
2673 [-4.84506482e-01]
2674 [-4.84639054e-01]
2675 [-4.85685155e-01]
2676 [-4.84923426e-01]
2677 [-4.83984670e-01]
2678 [-4.83673596e-01]
2679 [-4.83565273e-01]
2680 [-4.83350270e-01]
2681 [-4.83709382e-01]
2682 [-4.83318278e-01]
2683 [-4.83222374e-01]
2684 [-4.83471218e-01]
2685 [-4.83363911e-01]
2686 [-4.83503533e-01]
2687 [-4.83683515e-01]
2688 [-4.82885964e-01]
2689 [-4.83483328e-01]
2690 [-4.83142652e-01]
2691 [-4.82492125e-01]
2692 [-4.81737740e-01]
2693 [-4.80759580e-01]
2694 [-4.80469126e-01]
2695 [-4.80370420e-01]
2696 [-4.80618233e-01]
2697 [-4.80721821e-01]
2698 [-4.80521723e-01]
2699 [-4.80695550e-01]
2700 [-4.81510763e-01]
2701 [-4.82059788e-01]
2702 [-4.82959937e-01]
2703 [-4.84564294e-01]
2704 [-4.86357315e-01]
2705 [-4.86116055e-01]
2706 [-4.85740005e-01]
2707 [-4.85202968e-01]
2708 [-4.86429553e-01]
2709 [-4.86539057e-01]
2710 [-4.86879535e-01]
2711 [-4.87263161e-01]
2712 [-4.87775725e-01]
2713 [-4.88234585e-01]
2714 [-4.88307333e-01]
2715 [-4.88166840e-01]
2716 [-4.87878395e-01]
2717 [-4.87455228e-01]
2718 [-4.87470331e-01]
2719 [-4.87552902e-01]
2720 [-4.87790018e-01]
2721 [-4.87900714e-01]
2722 [-4.88216090e-01]
2723 [-4.87696780e-01]
2724 [-4.87679041e-01]
2725 [-4.87742000e-01]
2726 [-4.87859726e-01]
2727 [-4.88544003e-01]
2728 [-4.88216055e-01]
2729 [-4.88302085e-01]
2730 [-4.88317806e-01]
2731 [-4.88473907e-01]
2732 [-4.88745617e-01]
2733 [-4.89118832e-01]
2734 [-4.89932490e-01]
2735 [-4.90248054e-01]
2736 [-4.90116228e-01]
2737 [-4.89100812e-01]
2738 [-4.88100443e-01]
2739 [-4.86468659e-01]
2740 [-4.85670185e-01]
2741 [-4.84698412e-01]
2742 [-4.83868688e-01]
2743 [-4.83563717e-01]
2744 [-4.82570044e-01]
2745 [-4.82181717e-01]
2746 [-4.81631733e-01]
2747 [-4.80061365e-01]
2748 [-4.80146474e-01]
2749 [-4.80138455e-01]
2750 [-4.80129782e-01]
2751 [-4.80139751e-01]
2752 [-4.80472396e-01]
2753 [-4.80508505e-01]
2754 [-4.80432859e-01]
2755 [-4.80288717e-01]
2756 [-4.80344338e-01]
2757 [-4.80641123e-01]
2758 [-4.81029225e-01]
2759 [-4.81936566e-01]
2760 [-4.82408076e-01]
2761 [-4.82938033e-01]
2762 [-4.83078747e-01]
2763 [-4.83250171e-01]
2764 [-4.82632701e-01]
2765 [-4.82981170e-01]
2766 [-4.82679641e-01]
2767 [-4.82590235e-01]
2768 [-4.82721220e-01]
2769 [-4.83111491e-01]
2770 [-4.83622619e-01]
2771 [-4.83683335e-01]
2772 [-4.83564046e-01]
2773 [-4.82412909e-01]
2774 [-4.81763889e-01]
2775 [-4.81110376e-01]
2776 [-4.80932099e-01]
2777 [-4.81236079e-01]
2778 [-4.81608677e-01]
2779 [-4.82254566e-01]
2780 [-4.82775438e-01]
2781 [-4.83273142e-01]
2782 [-4.84051485e-01]
2783 [-4.85213963e-01]
2784 [-4.86166114e-01]
2785 [-4.87284520e-01]
2786 [-4.87619489e-01]
2787 [-4.87402618e-01]
2788 [-4.87526922e-01]
2789 [-4.88172615e-01]
2790 [-4.88070746e-01]
2791 [-4.88139461e-01]
2792 [-4.88398499e-01]
2793 [-4.88991820e-01]
2794 [-4.89178776e-01]
2795 [-4.89362150e-01]
2796 [-4.90314384e-01]
2797 [-4.90285419e-01]
2798 [-4.90205643e-01]
2799 [-4.90398393e-01]
2800 [-4.90311382e-01]
2801 [-4.90353830e-01]
2802 [-4.90205148e-01]
2803 [-4.90058550e-01]
2804 [-4.89597218e-01]
2805 [-4.88586786e-01]
2806 [-4.87839751e-01]
2807 [-4.87607707e-01]
2808 [-4.87250095e-01]
2809 [-4.86678820e-01]
2810 [-4.85238914e-01]
2811 [-4.84314708e-01]
2812 [-4.83468106e-01]
2813 [-4.83918521e-01]
2814 [-4.83324788e-01]
2815 [-4.83930227e-01]
2816 [-4.84637680e-01]
2817 [-4.88537268e-01]
2818 [-4.86228292e-01]
2819 [-4.86695008e-01]
2820 [-4.86653431e-01]
2821 [-4.86771220e-01]
2822 [-4.87477024e-01]
2823 [-4.88242237e-01]
2824 [-4.89005581e-01]
2825 [-4.89908260e-01]
2826 [-4.90380955e-01]
2827 [-4.91386419e-01]
2828 [-4.91988290e-01]
2829 [-4.92630364e-01]
2830 [-4.92764396e-01]
2831 [-4.92744055e-01]
2832 [-4.92735436e-01]
2833 [-4.92570043e-01]
2834 [-4.92007329e-01]
2835 [-4.91486994e-01]
2836 [-4.91486513e-01]
2837 [-4.91586870e-01]
2838 [-4.91467274e-01]
2839 [-4.91541285e-01]
2840 [-4.91504165e-01]
2841 [-4.91003219e-01]
2842 [-4.91023254e-01]
2843 [-4.90761004e-01]
2844 [-4.90395913e-01]
2845 [-4.89926358e-01]
2846 [-4.89840625e-01]
2847 [-4.89847483e-01]
2848 [-4.89777569e-01]
2849 [-4.89012225e-01]
2850 [-4.89275095e-01]
2851 [-4.89251186e-01]
2852 [-4.88808485e-01]
2853 [-4.88319055e-01]
2854 [-4.88053676e-01]
2855 [-4.87700869e-01]
2856 [-4.87567516e-01]
2857 [-4.87148504e-01]
2858 [-4.86713025e-01]
2859 [-4.86459068e-01]
2860 [-4.86490984e-01]
2861 [-4.86586064e-01]
2862 [-4.86848842e-01]
2863 [-4.87036763e-01]
2864 [-4.87461869e-01]
2865 [-4.87983409e-01]
2866 [-4.87878121e-01]
2867 [-4.88036628e-01]
2868 [-4.88052804e-01]
2869 [-4.87757403e-01]
2870 [-4.87471916e-01]
2871 [-4.87074131e-01]
2872 [-4.86681894e-01]
2873 [-4.86773611e-01]
2874 [-4.86565306e-01]
2875 [-4.86885247e-01]
2876 [-4.87038212e-01]
2877 [-4.87074955e-01]
2878 [-4.86871787e-01]
2879 [-4.86984437e-01]
2880 [-4.86916114e-01]
2881 [-4.87284726e-01]
2882 [-4.87333281e-01]
2883 [-4.87536106e-01]
2884 [-4.87660471e-01]
2885 [-4.88363435e-01]
2886 [-4.89440854e-01]
2887 [-4.91185174e-01]
2888 [-4.93253317e-01]
2889 [-4.94328675e-01]
2890 [-4.94227019e-01]
2891 [-4.93078519e-01]
2892 [-4.91890568e-01]
2893 [-4.90423516e-01]
2894 [-4.90227053e-01]
2895 [-4.90781755e-01]
2896 [-4.92104824e-01]
2897 [-4.92472467e-01]
2898 [-4.92892172e-01]
2899 [-4.92654285e-01]
2900 [-4.91899658e-01]
2901 [-4.91636248e-01]
2902 [-4.91420866e-01]
2903 [-4.91535302e-01]
2904 [-4.91593676e-01]
2905 [-4.91697368e-01]
2906 [-4.91386018e-01]
2907 [-4.91540305e-01]
2908 [-4.91077897e-01]
2909 [-4.90624902e-01]
2910 [-4.90079419e-01]
2911 [-4.89071814e-01]
2912 [-4.88668338e-01]
2913 [-4.88766115e-01]
2914 [-4.88733816e-01]
2915 [-4.88842060e-01]
2916 [-4.88651395e-01]
2917 [-4.88550707e-01]
2918 [-4.88349948e-01]
2919 [-4.88134410e-01]
2920 [-4.87895548e-01]
2921 [-4.87692314e-01]
2922 [-4.87524655e-01]
2923 [-4.87723025e-01]
2924 [-4.88118446e-01]
2925 [-4.88731303e-01]
2926 [-4.89036263e-01]
2927 [-4.89309787e-01]
2928 [-4.88868480e-01]
2929 [-4.88402125e-01]
2930 [-4.88054771e-01]
2931 [-4.88032152e-01]
2932 [-4.88362270e-01]
2933 [-4.89115558e-01]
2934 [-4.89585423e-01]
2935 [-4.90350839e-01]
2936 [-4.90497087e-01]
2937 [-4.90503722e-01]
2938 [-4.90442259e-01]
2939 [-4.90416754e-01]
2940 [-4.90617495e-01]
2941 [-4.90363193e-01]
2942 [-4.90693118e-01]
2943 [-4.90820754e-01]
2944 [-4.90778435e-01]
2945 [-4.90595091e-01]
2946 [-4.90319306e-01]
2947 [-4.89584131e-01]
2948 [-4.89816906e-01]
2949 [-4.89702413e-01]
2950 [-4.89867724e-01]
2951 [-4.89924196e-01]
2952 [-4.89807247e-01]
2953 [-4.89680854e-01]
2954 [-4.89180430e-01]
2955 [-4.89039128e-01]
2956 [-4.88914835e-01]
2957 [-4.88923921e-01]
2958 [-4.88777869e-01]
2959 [-4.88847506e-01]
2960 [-4.88796258e-01]
2961 [-4.88641226e-01]
2962 [-4.88165512e-01]
2963 [-4.87825305e-01]
2964 [-4.86766246e-01]
2965 [-4.86802979e-01]
2966 [-4.87043780e-01]
2967 [-4.87335222e-01]
2968 [-4.87502773e-01]
2969 [-4.88194338e-01]
2970 [-4.87519469e-01]
2971 [-4.87890738e-01]
2972 [-4.88293436e-01]
2973 [-4.88535726e-01]
2974 [-4.88762261e-01]
2975 [-4.89079724e-01]
2976 [-4.89421706e-01]
2977 [-4.89683057e-01]
2978 [-4.90033687e-01]
2979 [-4.90106194e-01]
2980 [-4.90224267e-01]
2981 [-4.90381811e-01]
2982 [-4.90926624e-01]
2983 [-4.91838524e-01]
2984 [-4.91996408e-01]
2985 [-4.92160165e-01]
2986 [-4.92201539e-01]
2987 [-4.92356997e-01]
2988 [-4.92633002e-01]
2989 [-4.92469024e-01]
2990 [-4.92440162e-01]
2991 [-4.92196211e-01]
2992 [-4.92290737e-01]
2993 [-4.91708273e-01]
2994 [-4.91473465e-01]
2995 [-4.91552885e-01]
2996 [-4.91425883e-01]
2997 [-4.92015200e-01]
2998 [-4.92360931e-01]
2999 [-4.92867125e-01]
3000 [-4.92793329e-01]
3001 [-4.91930218e-01]
3002 [-4.92472921e-01]
3003 [-4.92069815e-01]
3004 [-4.91997377e-01]
3005 [-4.91743466e-01]
3006 [-4.91688528e-01]
3007 [-4.91596898e-01]
3008 [-4.91637327e-01]
3009 [-4.91887380e-01]
3010 [-4.92494268e-01]
3011 [-4.92879748e-01]
3012 [-4.93125518e-01]
3013 [-4.93184461e-01]
3014 [-4.93024947e-01]
3015 [-4.92607145e-01]
3016 [-4.92451334e-01]
3017 [-4.92423558e-01]
3018 [-4.92321474e-01]
3019 [-4.92498382e-01]
3020 [-4.92736784e-01]
3021 [-4.93028699e-01]
3022 [-4.93018172e-01]
3023 [-4.92665265e-01]
3024 [-4.92428531e-01]
3025 [-4.92193926e-01]
3026 [-4.92207688e-01]
3027 [-4.92432573e-01]
3028 [-4.92924231e-01]
3029 [-4.93079202e-01]
3030 [-4.93277224e-01]
3031 [-4.93553115e-01]
3032 [-4.93811413e-01]
3033 [-4.93890197e-01]
3034 [-4.93838831e-01]
3035 [-4.93637767e-01]
3036 [-4.93479587e-01]
3037 [-4.93371576e-01]
3038 [-4.93275833e-01]
3039 [-4.93363225e-01]
3040 [-4.93378805e-01]
3041 [-4.93113726e-01]
3042 [-4.92543072e-01]
3043 [-4.91752791e-01]
3044 [-4.91342231e-01]
3045 [-4.91300305e-01]
3046 [-4.91050168e-01]
3047 [-4.91145755e-01]
3048 [-4.91251229e-01]
3049 [-4.91245172e-01]
3050 [-4.91107205e-01]
3051 [-4.90830237e-01]
3052 [-4.90522881e-01]
3053 [-4.90442109e-01]
3054 [-4.89636998e-01]
3055 [-4.90151149e-01]
3056 [-4.90293139e-01]
3057 [-4.90608483e-01]
3058 [-4.90682586e-01]
3059 [-4.90942112e-01]
3060 [-4.90657003e-01]
3061 [-4.90374993e-01]
3062 [-4.90231716e-01]
3063 [-4.90176402e-01]
3064 [-4.90226431e-01]
3065 [-4.90551507e-01]
3066 [-4.90964329e-01]
3067 [-4.91355891e-01]
3068 [-4.91770564e-01]
3069 [-4.92242882e-01]
3070 [-4.92389164e-01]
3071 [-4.92236402e-01]
3072 [-4.92123443e-01]
3073 [-4.92183597e-01]
3074 [-4.92110639e-01]
3075 [-4.92469045e-01]
3076 [-4.92214615e-01]
3077 [-4.92327766e-01]
3078 [-4.92225978e-01]
3079 [-4.91965442e-01]
3080 [-4.91548042e-01]
3081 [-4.91350745e-01]
3082 [-4.91448317e-01]
3083 [-4.91393607e-01]
3084 [-4.91567505e-01]
3085 [-4.91788321e-01]
3086 [-4.92264481e-01]
3087 [-4.92401820e-01]
3088 [-4.92268370e-01]
3089 [-4.92202634e-01]
3090 [-4.92202065e-01]
3091 [-4.92375424e-01]
3092 [-4.92523611e-01]
3093 [-4.92717047e-01]
3094 [-4.92366827e-01]
3095 [-4.92172573e-01]
3096 [-4.91843035e-01]
3097 [-4.91660375e-01]
3098 [-4.91182098e-01]
3099 [-4.91386194e-01]
3100 [-4.91524824e-01]
3101 [-4.91781210e-01]
3102 [-4.92118969e-01]
3103 [-4.92410104e-01]
3104 [-4.92533933e-01]
3105 [-4.92387628e-01]
3106 [-4.92248430e-01]
3107 [-4.92072563e-01]
3108 [-4.92038501e-01]
3109 [-4.91778256e-01]
3110 [-4.91969541e-01]
3111 [-4.92057496e-01]
3112 [-4.92114390e-01]
3113 [-4.92121567e-01]
3114 [-4.92022390e-01]
3115 [-4.91875026e-01]
3116 [-4.91745103e-01]
3117 [-4.91612724e-01]
3118 [-4.91460428e-01]
3119 [-4.91552945e-01]
3120 [-4.91507065e-01]
3121 [-4.91533006e-01]
3122 [-4.91617435e-01]
3123 [-4.91738056e-01]
3124 [-4.91933906e-01]
3125 [-4.92222300e-01]
3126 [-4.92408194e-01]
3127 [-4.92580265e-01]
3128 [-4.92765743e-01]
3129 [-4.93294568e-01]
3130 [-4.93006458e-01]
3131 [-4.93274837e-01]
3132 [-4.93533637e-01]
3133 [-4.93748581e-01]
3134 [-4.93997550e-01]
3135 [-4.94409050e-01]
3136 [-4.94889119e-01]
3137 [-4.94615699e-01]
3138 [-4.95061344e-01]
3139 [-4.95262286e-01]
3140 [-4.95540187e-01]
3141 [-4.95780621e-01]
3142 [-4.95970793e-01]
3143 [-4.96039825e-01]
3144 [-4.95815322e-01]
3145 [-4.95473302e-01]
3146 [-4.95216252e-01]
3147 [-4.95157927e-01]
3148 [-4.95239930e-01]
3149 [-4.95288611e-01]
3150 [-4.95238552e-01]
3151 [-4.94974721e-01]
3152 [-4.94070146e-01]
3153 [-4.94765328e-01]
3154 [-4.94376424e-01]
3155 [-4.94127386e-01]
3156 [-4.94007631e-01]
3157 [-4.94004457e-01]
3158 [-4.94071493e-01]
3159 [-4.94418000e-01]
3160 [-4.94231556e-01]
3161 [-4.94320890e-01]
3162 [-4.94366146e-01]
3163 [-4.94273843e-01]
3164 [-4.94083032e-01]
3165 [-4.93755046e-01]
3166 [-4.93574890e-01]
3167 [-4.93567543e-01]
3168 [-4.93482643e-01]
3169 [-4.93551289e-01]
3170 [-4.93349390e-01]
3171 [-4.93456786e-01]
3172 [-4.93561389e-01]
3173 [-4.93643787e-01]
3174 [-4.93761661e-01]
3175 [-4.93902551e-01]
3176 [-4.94090093e-01]
3177 [-4.93918925e-01]
3178 [-4.93873025e-01]
3179 [-4.93861682e-01]
3180 [-4.93868730e-01]
3181 [-4.93699767e-01]
3182 [-4.93806617e-01]
3183 [-4.93771657e-01]
3184 [-4.93645745e-01]
3185 [-4.93458198e-01]
3186 [-4.93199646e-01]
3187 [-4.93067424e-01]
3188 [-4.93035881e-01]
3189 [-4.93079995e-01]
3190 [-4.93084588e-01]
3191 [-4.93031912e-01]
3192 [-4.92926919e-01]
3193 [-4.92824410e-01]
3194 [-4.92675586e-01]
3195 [-4.92516893e-01]
3196 [-4.92634750e-01]
3197 [-4.92554111e-01]
3198 [-4.92506093e-01]
3199 [-4.92493241e-01]
3200 [-4.92502463e-01]
3201 [-4.92549210e-01]
3202 [-4.92549653e-01]
3203 [-4.92801446e-01]
3204 [-4.92654854e-01]
3205 [-4.92674597e-01]
3206 [-4.92708695e-01]
3207 [-4.92749270e-01]
3208 [-4.92862901e-01]
3209 [-4.92913373e-01]
3210 [-4.93147007e-01]
3211 [-4.93029054e-01]
3212 [-4.92977548e-01]
3213 [-4.92882944e-01]
3214 [-4.92892399e-01]
3215 [-4.92713520e-01]
3216 [-4.92654605e-01]
3217 [-4.92651797e-01]
3218 [-4.92747504e-01]
3219 [-4.92866498e-01]
3220 [-4.93073731e-01]
3221 [-4.93265638e-01]
3222 [-4.93391478e-01]
3223 [-4.93433371e-01]
3224 [-4.93538634e-01]
3225 [-4.93523808e-01]
3226 [-4.93551679e-01]
3227 [-4.93755087e-01]
3228 [-4.94069457e-01]
3229 [-4.94364642e-01]
3230 [-4.94408549e-01]
3231 [-4.94140533e-01]
3232 [-4.93953367e-01]
3233 [-4.93512214e-01]
3234 [-4.93035232e-01]
3235 [-4.93394338e-01]
3236 [-4.93321770e-01]
3237 [-4.93326183e-01]
3238 [-4.93466575e-01]
3239 [-4.93524565e-01]
3240 [-4.93511879e-01]
3241 [-4.93574295e-01]
3242 [-4.93501758e-01]
3243 [-4.93471591e-01]
3244 [-4.93484923e-01]
3245 [-4.93462353e-01]
3246 [-4.93530727e-01]
3247 [-4.93646602e-01]
3248 [-4.93771659e-01]
3249 [-4.93835115e-01]
3250 [-4.93872354e-01]
3251 [-4.93892166e-01]
3252 [-4.93606089e-01]
3253 [-4.93777549e-01]
3254 [-4.93674746e-01]
3255 [-4.93616885e-01]
3256 [-4.93286643e-01]
3257 [-4.93254221e-01]
3258 [-4.93366222e-01]
3259 [-4.93395911e-01]
3260 [-4.93375021e-01]
3261 [-4.93248821e-01]
3262 [-4.93353010e-01]
3263 [-4.93301473e-01]
3264 [-4.93146328e-01]
3265 [-4.92967257e-01]
3266 [-4.92865384e-01]
3267 [-4.92931837e-01]
3268 [-4.92980225e-01]
3269 [-4.92971662e-01]
3270 [-4.93008643e-01]
3271 [-4.92952482e-01]
3272 [-4.92877406e-01]
3273 [-4.92872741e-01]
3274 [-4.92811602e-01]
3275 [-4.92857553e-01]
3276 [-4.92964279e-01]
3277 [-4.93054964e-01]
3278 [-4.93220143e-01]
3279 [-4.93298445e-01]
3280 [-4.93436972e-01]
3281 [-4.93990470e-01]
3282 [-4.93871596e-01]
3283 [-4.93835050e-01]
3284 [-4.93921080e-01]
3285 [-4.94047277e-01]
3286 [-4.94267555e-01]
3287 [-4.94493994e-01]
3288 [-4.94379822e-01]
3289 [-4.94157249e-01]
3290 [-4.94021991e-01]
3291 [-4.93848255e-01]
3292 [-4.93915131e-01]
3293 [-4.94173157e-01]
3294 [-4.94520464e-01]
3295 [-4.94948476e-01]
3296 [-4.95177866e-01]
3297 [-4.95232408e-01]
3298 [-4.95152545e-01]
3299 [-4.95077257e-01]
3300 [-4.94857611e-01]
3301 [-4.94922683e-01]
3302 [-4.94994355e-01]
3303 [-4.95031288e-01]
3304 [-4.95029997e-01]
3305 [-4.95071387e-01]
3306 [-4.95050529e-01]
3307 [-4.95025469e-01]
3308 [-4.95038186e-01]
3309 [-4.95066082e-01]
3310 [-4.95124336e-01]
3311 [-4.95482633e-01]
3312 [-4.95222763e-01]
3313 [-4.95206665e-01]
3314 [-4.95160371e-01]
3315 [-4.95048041e-01]
3316 [-4.94940569e-01]
3317 [-4.94860080e-01]
3318 [-4.94838178e-01]
3319 [-4.94841906e-01]
3320 [-4.94917158e-01]
3321 [-4.94881572e-01]
3322 [-4.94924899e-01]
3323 [-4.94950565e-01]
3324 [-4.94981597e-01]
3325 [-4.94970152e-01]
3326 [-4.95004860e-01]
3327 [-4.94953168e-01]
3328 [-4.94850868e-01]
3329 [-4.94603194e-01]
3330 [-4.94491367e-01]
3331 [-4.94344581e-01]
3332 [-4.94227577e-01]
3333 [-4.94002488e-01]
3334 [-4.94015304e-01]
3335 [-4.93790628e-01]
3336 [-4.93831571e-01]
3337 [-4.93946520e-01]
3338 [-4.93927767e-01]
3339 [-4.93945767e-01]
3340 [-4.93888071e-01]
3341 [-4.93790196e-01]
3342 [-4.93739140e-01]
3343 [-4.93743819e-01]
3344 [-4.93841796e-01]
3345 [-4.93998097e-01]
3346 [-4.94192882e-01]
3347 [-4.94288334e-01]
3348 [-4.94467417e-01]
3349 [-4.94221373e-01]
3350 [-4.94138064e-01]
3351 [-4.94017217e-01]
3352 [-4.93877566e-01]
3353 [-4.93721853e-01]
3354 [-4.93609733e-01]
3355 [-4.93538063e-01]
3356 [-4.93451278e-01]
3357 [-4.93442692e-01]
3358 [-4.93450744e-01]
3359 [-4.93400338e-01]
3360 [-4.93361348e-01]
3361 [-4.93300895e-01]
3362 [-4.93680346e-01]
3363 [-4.93429716e-01]
3364 [-4.93465035e-01]
3365 [-4.93495021e-01]
3366 [-4.93542190e-01]
3367 [-4.93567830e-01]
3368 [-4.93570948e-01]
3369 [-4.93644395e-01]
3370 [-4.93735348e-01]
3371 [-4.93808117e-01]
3372 [-4.93864687e-01]
3373 [-4.93895114e-01]
3374 [-4.93889636e-01]
3375 [-4.93906896e-01]
3376 [-4.93904743e-01]
3377 [-4.93875317e-01]
3378 [-4.93792700e-01]
3379 [-4.93691064e-01]
3380 [-4.93509706e-01]
3381 [-4.93386386e-01]
3382 [-4.93493701e-01]
3383 [-4.93412570e-01]
3384 [-4.93384550e-01]
3385 [-4.93540370e-01]
3386 [-4.93415322e-01]
3387 [-4.93686805e-01]
3388 [-4.93806892e-01]
3389 [-4.93869627e-01]
3390 [-4.93899294e-01]
3391 [-4.93889478e-01]
3392 [-4.93808006e-01]
3393 [-4.93833336e-01]
3394 [-4.93812192e-01]
3395 [-4.93888024e-01]
3396 [-4.93901353e-01]
3397 [-4.93916591e-01]
3398 [-4.94289631e-01]
3399 [-4.94025038e-01]
3400 [-4.93994899e-01]
3401 [-4.94024622e-01]
3402 [-4.94088240e-01]
3403 [-4.94263527e-01]
3404 [-4.94347716e-01]
3405 [-4.94362862e-01]
3406 [-4.94363556e-01]
3407 [-4.94468564e-01]
3408 [-4.94441529e-01]
3409 [-4.94609281e-01]
3410 [-4.94721701e-01]
3411 [-4.94749464e-01]
3412 [-4.94708416e-01]
3413 [-4.94581548e-01]
3414 [-4.94536619e-01]
3415 [-4.94394211e-01]
3416 [-4.94407468e-01]
3417 [-4.94468273e-01]
3418 [-4.94535454e-01]
3419 [-4.94555364e-01]
3420 [-4.94677952e-01]
3421 [-4.94714015e-01]
3422 [-4.94815103e-01]
3423 [-4.94887654e-01]
3424 [-4.94935948e-01]
3425 [-4.95013788e-01]
3426 [-4.95031345e-01]
3427 [-4.95270346e-01]
3428 [-4.95140893e-01]
3429 [-4.95162957e-01]
3430 [-4.95174770e-01]
3431 [-4.95245327e-01]
3432 [-4.95261650e-01]
3433 [-4.95240676e-01]
3434 [-4.95217235e-01]
3435 [-4.95117060e-01]
3436 [-4.95038597e-01]
3437 [-4.94954346e-01]
3438 [-4.94986965e-01]
3439 [-4.95066525e-01]
3440 [-4.94987471e-01]
3441 [-4.94944675e-01]
3442 [-4.94704325e-01]
3443 [-4.94557771e-01]
3444 [-4.94198792e-01]
3445 [-4.94145675e-01]
3446 [-4.94197084e-01]
3447 [-4.94298933e-01]
3448 [-4.94325118e-01]
3449 [-4.94270466e-01]
3450 [-4.94200869e-01]
3451 [-4.94161538e-01]
3452 [-4.94151861e-01]
3453 [-4.94165671e-01]
3454 [-4.94147815e-01]
3455 [-4.94169544e-01]
3456 [-4.94327089e-01]
3457 [-4.94222824e-01]
3458 [-4.94183835e-01]
3459 [-4.94060004e-01]
3460 [-4.93962397e-01]
3461 [-4.93932683e-01]
3462 [-4.93895510e-01]
3463 [-4.93874446e-01]
3464 [-4.93891173e-01]
3465 [-4.93824010e-01]
3466 [-4.93895902e-01]
3467 [-4.93968254e-01]
3468 [-4.93966203e-01]
3469 [-4.93940093e-01]
3470 [-4.93882494e-01]
3471 [-4.93837813e-01]
3472 [-4.93549887e-01]
3473 [-4.93604152e-01]
3474 [-4.93663311e-01]
3475 [-4.93607396e-01]
3476 [-4.93547436e-01]
3477 [-4.93516095e-01]
3478 [-4.93316175e-01]
3479 [-4.93403481e-01]
3480 [-4.93402137e-01]
3481 [-4.93338134e-01]
3482 [-4.93342661e-01]
3483 [-4.92950110e-01]
3484 [-4.93171126e-01]
3485 [-4.93243953e-01]
3486 [-4.93228557e-01]
3487 [-4.93236332e-01]
3488 [-4.93306347e-01]
3489 [-4.93336494e-01]
3490 [-4.93315064e-01]
3491 [-4.93221112e-01]
3492 [-4.93039581e-01]
3493 [-4.93004632e-01]
3494 [-4.93023149e-01]
3495 [-4.92975366e-01]
3496 [-4.92946944e-01]
3497 [-4.92982364e-01]
3498 [-4.93027931e-01]
3499 [-4.93167158e-01]
3500 [-4.93090700e-01]
3501 [-4.93150735e-01]
3502 [-4.93136885e-01]
3503 [-4.93229455e-01]
3504 [-4.93137377e-01]
3505 [-4.93194213e-01]
3506 [-4.93313310e-01]
3507 [-4.93582964e-01]
3508 [-4.93437744e-01]
3509 [-4.93476999e-01]
3510 [-4.93722605e-01]
3511 [-4.93918605e-01]
3512 [-4.93970050e-01]
3513 [-4.94047502e-01]
3514 [-4.94237789e-01]
3515 [-4.94390666e-01]
3516 [-4.94597477e-01]
3517 [-4.94790382e-01]
3518 [-4.94991465e-01]
3519 [-4.95143488e-01]
3520 [-4.95094800e-01]
3521 [-4.95013953e-01]
3522 [-4.95025136e-01]
3523 [-4.95087650e-01]
3524 [-4.95239782e-01]
3525 [-4.95345158e-01]
3526 [-4.95289925e-01]
3527 [-4.95554272e-01]
3528 [-4.95613534e-01]
3529 [-4.95631170e-01]
3530 [-4.95717996e-01]
3531 [-4.95939396e-01]
3532 [-4.96087109e-01]
3533 [-4.96163239e-01]
3534 [-4.96283735e-01]
3535 [-4.96350196e-01]
3536 [-4.96432250e-01]
3537 [-4.96533213e-01]
3538 [-4.96485351e-01]
3539 [-4.96502409e-01]
3540 [-4.96588518e-01]
3541 [-4.96873160e-01]
3542 [-4.96980320e-01]
3543 [-4.97088749e-01]
3544 [-4.97242224e-01]
3545 [-4.97424143e-01]
3546 [-4.97573616e-01]
3547 [-4.97643438e-01]
3548 [-4.97608822e-01]
3549 [-4.97638588e-01]
3550 [-4.97881140e-01]
3551 [-4.97842397e-01]
3552 [-4.97899967e-01]
3553 [-4.97914727e-01]
3554 [-4.97902907e-01]
3555 [-4.97808684e-01]
3556 [-4.97634428e-01]
3557 [-4.97542189e-01]
3558 [-4.97503975e-01]
3559 [-4.97539154e-01]
3560 [-4.97392073e-01]
3561 [-4.97609412e-01]
3562 [-4.97814312e-01]
3563 [-4.97937982e-01]
3564 [-4.98001589e-01]
3565 [-4.97948709e-01]
3566 [-4.97802506e-01]
3567 [-4.97740928e-01]
3568 [-4.97742091e-01]
3569 [-4.97810258e-01]
3570 [-4.97892230e-01]
3571 [-4.97942822e-01]
3572 [-4.97908586e-01]
3573 [-4.97927667e-01]
3574 [-4.97913554e-01]
3575 [-4.97855333e-01]
3576 [-4.97741347e-01]
3577 [-4.97741508e-01]
3578 [-4.97723603e-01]
3579 [-4.97808016e-01]
3580 [-4.97849208e-01]
3581 [-4.97673999e-01]
3582 [-4.97793639e-01]
3583 [-4.97782964e-01]
3584 [-4.97681407e-01]
3585 [-4.97543058e-01]
3586 [-4.97419055e-01]
3587 [-4.97300723e-01]
3588 [-4.97332629e-01]
3589 [-4.97288477e-01]
3590 [-4.97298035e-01]
3591 [-4.97243312e-01]
3592 [-4.97093489e-01]
3593 [-4.96939690e-01]
3594 [-4.96722588e-01]
3595 [-4.96692711e-01]
3596 [-4.96782809e-01]
3597 [-4.96843068e-01]
3598 [-4.96891074e-01]
3599 [-4.96802252e-01]
3600 [-4.96632751e-01]
3601 [-4.96670733e-01]
3602 [-4.96591301e-01]
3603 [-4.96528293e-01]
3604 [-4.96456809e-01]
3605 [-4.96455479e-01]
3606 [-4.96397983e-01]
3607 [-4.96559508e-01]
3608 [-4.96606900e-01]
3609 [-4.96659002e-01]
3610 [-4.96693505e-01]
3611 [-4.96707005e-01]
3612 [-4.96555278e-01]
3613 [-4.96607349e-01]
3614 [-4.96579852e-01]
3615 [-4.96568414e-01]
3616 [-4.96561412e-01]
3617 [-4.96594621e-01]
3618 [-4.96528060e-01]
3619 [-4.96536049e-01]
3620 [-4.96523993e-01]
